0.00416700	0.19653920	0.99954222	0.00034700
0.00416700	0.25025180	0.99954222	0.00034700
0.00416700	0.25391400	0.99954222	0.00034700
0.00416700	0.22705770	0.99954222	0.00034700
0.00416700	0.17822810	0.99954222	0.00034700
0.00416700	0.18799400	0.99954222	0.00034700
0.00416700	0.25879700	0.99954222	0.00034700
0.00416700	0.25879700	0.99954222	0.00034700
0.00416700	0.21973330	0.99954222	0.00034700
0.00416700	0.17456590	0.99954222	0.00034700
0.00416700	0.19409770	0.99954222	0.00034700
0.00416700	0.25635550	0.99954222	0.00034700
0.00416700	0.26612140	0.99954222	0.00034700
0.00416700	0.23071990	0.99954222	0.00034700
0.00416700	0.16235850	0.99954222	0.00034700
0.00416700	0.19043550	0.99954222	0.00034700
0.00416700	0.26612140	0.99954222	0.00034700
0.00416700	0.26978360	0.99954222	0.00034700
0.00416700	0.22827850	0.99954222	0.00034700
0.00416700	0.16357920	0.99954222	0.00034700
0.00416700	0.19165620	0.99954222	0.00034700
0.00416700	0.26734210	0.99954222	0.00034700
0.00416700	0.27588730	0.99954222	0.00034700
0.00416700	0.22461620	0.99954222	0.00034700
0.00416700	0.15869620	0.99954222	0.00034700
0.00416700	0.19409770	0.99954222	0.00034700
0.00416700	0.26490070	0.99954222	0.00034700
0.00416700	0.27588730	0.99954222	0.00034700
0.00416700	0.22949920	0.99954222	0.00034700
0.00416700	0.15259250	0.99954222	0.00034700
0.00416700	0.18555250	0.99954222	0.00034700
0.00416700	0.26856290	0.99954222	0.00034700
0.00416700	0.27344580	0.99954222	0.00034700
0.00416700	0.22461620	0.99954222	0.00034700
0.00416700	0.15991700	0.99954222	0.00034700
0.00416700	0.18555250	0.99954222	0.00034700
0.00416700	0.25879700	0.99954222	0.00034700
0.00416700	0.26856290	0.99954222	0.00034700
0.00416700	0.22705770	0.99954222	0.00034700
0.00416700	0.15381330	0.99954222	0.00034700
0.00416700	0.18189030	0.99954222	0.00034700
0.00416700	0.25391400	0.99954222	0.00034700
0.00416700	0.25635550	0.99954222	0.00034700
0.00416700	0.22461620	0.99954222	0.00034700
0.00416700	0.15625480	0.99954222	0.00034700
0.00416700	0.17700740	0.99954222	0.00034700
0.00416700	0.24781030	0.99954222	0.00034700
0.00416700	0.26367990	0.99954222	0.00034700
0.00416700	0.22095400	0.99954222	0.00034700
0.00416700	0.15625480	0.99954222	0.00034700
0.00416700	0.18189030	0.99954222	0.00034700
0.00416700	0.24536880	0.99954222	0.00034700
0.00416700	0.26490070	0.99954222	0.00034700
0.00416700	0.22827850	0.99954222	0.00034700
0.00416700	0.15625480	0.99954222	0.00034700
0.00416700	0.17578660	0.99954222	0.00034700
0.00416700	0.24658960	0.99954222	0.00034700
0.00416700	0.25879700	0.99954222	0.00034700
0.00416700	0.22339550	0.99954222	0.00034700
0.00416700	0.15869620	0.99954222	0.00034700
0.00416700	0.17334510	0.99954222	0.00034700
0.00416700	0.24414810	0.99954222	0.00034700
0.00416700	0.26123840	0.99954222	0.00034700
0.00416700	0.22949920	0.99954222	0.00034700
0.00416700	0.15137180	0.99954222	0.00034700
0.00416700	0.17578660	0.99954222	0.00034700
0.00416700	0.24414810	0.99954222	0.00034700
0.00416700	0.25757620	0.99954222	0.00034700
0.00416700	0.23438220	0.99954222	0.00034700
0.00416700	0.15625480	0.99954222	0.00034700
0.00000000	0.17700740	0.99954222	0.00034700
0.00000000	0.24536880	0.99954222	0.00034700
0.00000000	0.26490070	0.99954222	0.00034700
0.00000000	0.22583700	0.99954222	0.00034700
0.00000000	0.15625480	0.99954222	0.00034700
0.00000000	0.17700740	0.99954222	0.00034700
0.00000000	0.23804440	0.99954222	0.00034700
0.00000000	0.26856290	0.99954222	0.00034700
0.00000000	0.23194070	0.99954222	0.00034700
0.00000000	0.15137180	0.99954222	0.00034700
0.00000000	0.17334510	0.99954222	0.00034700
0.00000000	0.24048590	0.99954222	0.00034700
0.00000000	0.25635550	0.99954222	0.00034700
0.00000000	0.22949920	0.99954222	0.00034700
0.00000000	0.16113770	0.99954222	0.00034700
0.00000000	0.17212440	0.99954222	0.00034700
0.00000000	0.23682360	0.99954222	0.00034700
0.00000000	0.26612140	0.99954222	0.00034700
0.00000000	0.23438220	0.99954222	0.00034700
0.00416700	0.15869620	0.99954222	0.00034700
0.00416700	0.18189030	0.99954222	0.00034700
0.00416700	0.24170660	0.99954222	0.00034700
0.00416700	0.26245920	0.99954222	0.00034700
0.00833300	0.24414810	0.99954222	0.00034700
0.00833300	0.16113770	0.99954222	0.00034700
0.00833300	0.17700740	0.99954222	0.00034700
0.00833300	0.24781030	0.99954222	0.00034700
0.00833300	0.26856290	0.99954222	0.00034700
0.01250000	0.24170660	0.99954222	0.00034700
0.01250000	0.16602070	0.99954222	0.00034700
0.01250000	0.18189030	0.99954222	0.00034700
0.01250000	0.24048590	0.99954222	0.00034700
0.01666700	0.27588730	0.99954222	0.00034700
0.01666700	0.24658960	0.99954222	0.00034700
0.01666700	0.16602070	0.99954222	0.00034700
0.01666700	0.18799400	0.99954222	0.00034700
0.02083300	0.24658960	0.99954222	0.00034700
0.02083300	0.27222510	0.99954222	0.00034700
0.02083300	0.24658960	0.99954222	0.00034700
0.02083300	0.17212440	0.99954222	0.00034700
0.02083300	0.18189030	0.99954222	0.00034700
0.02083300	0.24170660	0.99954222	0.00034700
0.02083300	0.27344580	0.99954222	0.00034700
0.02083300	0.24536880	0.99954222	0.00034700
0.02500000	0.16846220	0.99954222	0.00034700
0.02500000	0.18921480	0.99954222	0.00034700
0.02500000	0.24536880	0.99954222	0.00034700
0.02500000	0.27344580	0.99954222	0.00034700
0.02916700	0.25391400	0.99954222	0.00034700
0.02916700	0.17334510	0.99954222	0.00034700
0.02916700	0.18433180	0.99954222	0.00034700
0.03333300	0.24414810	0.99954222	0.00034700
0.03333300	0.27466660	0.99954222	0.00034700
0.03750000	0.25269330	0.99954222	0.00034700
0.04166700	0.17944880	0.99954222	0.00034700
0.05000000	0.18677330	0.99954222	0.00034700
0.05416700	0.23926510	0.99954222	0.00034700
0.06250000	0.28077030	0.99954222	0.00034700
0.07500000	0.25391400	0.99954222	0.00034700
0.08750000	0.17822810	0.99954222	0.00034700
0.10416700	0.19775990	0.99954222	0.00034700
0.12500000	0.24536880	0.99954222	0.00034700
0.15000000	0.27588730	0.99954222	0.00034700
0.17916700	0.25635550	0.99954222	0.00034700
0.20416700	0.17578660	0.99954222	0.00034700
0.23750000	0.18433180	0.99954222	0.00034700
0.27083300	0.24170660	0.99954222	0.00034700
0.31250000	0.27588730	0.99954222	0.00034700
0.35833300	0.24536880	0.99954222	0.00034700
0.40000000	0.17334510	0.99954222	0.00034700
0.44583300	0.18677330	0.99954222	0.00034700
0.49583300	0.23804440	0.99954222	0.00034700
0.54583300	0.27344580	0.99954222	0.00034700
0.59583300	0.25513470	0.99954222	0.00034700
0.65000000	0.17090370	0.99954222	0.00034700
0.70416700	0.18189030	0.99954222	0.00034700
0.75416700	0.24048590	0.99954222	0.00034700
0.80833300	0.27222510	0.99954222	0.00034700
0.85416700	0.25391400	0.99954222	0.00034700
0.90000000	0.17578660	0.99954222	0.00034700
0.94583300	0.18555250	0.99954222	0.00034700
0.98333300	0.23438220	0.99954222	0.00034700
1.00833300	0.28321180	0.99954222	0.00034700
1.02916700	0.25635550	0.99954222	0.00034700
1.05416700	0.17822810	0.99954222	0.00034700
1.07916700	0.19898070	0.99954222	0.00034700
1.10000000	0.24414810	0.99954222	0.00034700
1.12916700	0.28321180	0.99954222	0.00034700
1.15833300	0.26856290	0.99954222	0.00034700
1.18750000	0.18921480	0.99954222	0.00034700
1.21666700	0.19898070	0.99954222	0.00034700
1.25000000	0.25269330	0.99954222	0.00034700
1.27916700	0.29908140	0.99954222	0.00034700
1.31250000	0.27466660	0.99954222	0.00034700
1.33750000	0.20142220	0.99954222	0.00034700
1.36250000	0.20996730	0.99954222	0.00034700
1.39166700	0.25635550	0.99954222	0.00034700
1.41666700	0.30396440	0.99954222	0.00034700
1.44583300	0.28443250	0.99954222	0.00034700
1.47500000	0.20996730	0.99954222	0.00034700
1.50416700	0.21485030	0.99954222	0.00034700
1.52916700	0.26734210	0.99954222	0.00034700
1.56250000	0.30884730	0.99954222	0.00034700
1.60000000	0.28931550	0.99954222	0.00034700
1.63750000	0.21729180	0.99954222	0.00034700
1.67916700	0.21973330	0.99954222	0.00034700
1.71250000	0.26978360	0.99954222	0.00034700
1.74583300	0.32105470	0.99954222	0.00034700
1.78750000	0.29541920	0.99954222	0.00034700
1.82916700	0.21851250	0.99954222	0.00034700
1.87083300	0.23560290	0.99954222	0.00034700
1.91666700	0.27344580	0.99954222	0.00034700
1.95833300	0.32227550	0.99954222	0.00034700
1.99583300	0.30762660	0.99954222	0.00034700
2.04166700	0.22949920	0.99954222	0.00034700
2.08750000	0.23316140	0.99954222	0.00034700
2.12083300	0.28077030	0.99954222	0.00034700
2.16250000	0.32959990	0.99954222	0.00034700
2.21666700	0.30396440	0.99954222	0.00034700
2.27500000	0.22827850	0.99954222	0.00034700
2.32916700	0.23316140	0.99954222	0.00034700
2.38333300	0.26490070	0.99954222	0.00034700
2.43750000	0.31983400	0.99954222	0.00034700
2.48333300	0.29541920	0.99954222	0.00034700
2.53750000	0.21729180	0.99954222	0.00034700
2.59583300	0.21729180	0.99954222	0.00034700
2.65416700	0.25391400	0.99954222	0.00034700
2.71666700	0.29541920	0.99954222	0.00034700
2.77500000	0.27710810	0.99954222	0.00034700
2.82083300	0.20264290	0.99954222	0.00034700
2.87083300	0.19775990	0.99954222	0.00034700
2.92500000	0.24414810	0.99954222	0.00034700
2.97500000	0.29419840	0.99954222	0.00034700
3.03333300	0.27100440	0.99954222	0.00034700
3.08750000	0.19653920	0.99954222	0.00034700
3.14166700	0.20386360	0.99954222	0.00034700
3.19166700	0.24048590	0.99954222	0.00034700
3.24166700	0.29786070	0.99954222	0.00034700
3.29583300	0.29053620	0.99954222	0.00034700
3.35000000	0.21362960	0.99954222	0.00034700
3.40000000	0.21607100	0.99954222	0.00034700
3.45416700	0.26001770	0.99954222	0.00034700
3.50416700	0.31983400	0.99954222	0.00034700
3.54583300	0.30640580	0.99954222	0.00034700
3.60000000	0.24048590	0.99954222	0.00034700
3.65833300	0.24048590	0.99954222	0.00034700
3.71250000	0.27710810	0.99954222	0.00034700
3.77083300	0.34546950	0.99954222	0.00034700
3.81666700	0.33204140	0.99954222	0.00034700
3.87083300	0.26123840	0.99954222	0.00034700
3.92500000	0.26490070	0.99954222	0.00034700
3.97083300	0.30274360	0.99954222	0.00034700
4.02083300	0.35767690	0.99954222	0.00034700
4.06666700	0.35157320	0.99954222	0.00034700
4.12083300	0.27222510	0.99954222	0.00034700
4.17500000	0.26734210	0.99954222	0.00034700
4.22916700	0.31006810	0.99954222	0.00034700
4.28333300	0.35767690	0.99954222	0.00034700
4.32916700	0.33692430	0.99954222	0.00034700
4.38750000	0.26245920	0.99954222	0.00034700
4.44166700	0.25757620	0.99954222	0.00034700
4.50000000	0.27954950	0.99954222	0.00034700
4.55000000	0.33692430	0.99954222	0.00034700
4.60000000	0.32105470	0.99954222	0.00034700
4.65416700	0.23438220	0.99954222	0.00034700
4.70833300	0.22461620	0.99954222	0.00034700
4.77500000	0.25391400	0.99954222	0.00034700
4.84166700	0.30274360	0.99954222	0.00034700
4.90833300	0.28321180	0.99954222	0.00034700
4.97083300	0.20996730	0.99954222	0.00034700
5.02916700	0.19898070	0.99954222	0.00034700
5.09166700	0.22339550	0.99954222	0.00034700
5.15000000	0.29053620	0.99954222	0.00034700
5.21250000	0.27344580	0.99954222	0.00034700
5.25833300	0.20020140	0.99954222	0.00034700
5.30833300	0.19775990	0.99954222	0.00034700
5.36250000	0.22339550	0.99954222	0.00034700
5.41666700	0.28687400	0.99954222	0.00034700
5.46666700	0.27710810	0.99954222	0.00034700
5.51666700	0.21240880	0.99954222	0.00034700
5.55416700	0.20142220	0.99954222	0.00034700
5.59583300	0.24414810	0.99954222	0.00034700
5.64166700	0.31617180	0.99954222	0.00034700
5.69166700	0.30396440	0.99954222	0.00034700
5.74166700	0.24903100	0.99954222	0.00034700
5.78750000	0.24658960	0.99954222	0.00034700
5.83333300	0.27588730	0.99954222	0.00034700
5.89166700	0.36133920	0.99954222	0.00034700
5.94583300	0.35889770	0.99954222	0.00034700
6.00000000	0.29297770	0.99954222	0.00034700
6.05416700	0.29175700	0.99954222	0.00034700
6.10416700	0.32471690	0.99954222	0.00034700
6.15833300	0.39185770	0.99954222	0.00034700
6.21250000	0.39063690	0.99954222	0.00034700
6.27500000	0.32471690	0.99954222	0.00034700
6.33333300	0.31495100	0.99954222	0.00034700
6.39166700	0.33448290	0.99954222	0.00034700
6.44583300	0.40284430	0.99954222	0.00034700
6.48333300	0.38819540	0.99954222	0.00034700
6.52083300	0.31495100	0.99954222	0.00034700
6.56250000	0.30518510	0.99954222	0.00034700
6.61250000	0.32227550	0.99954222	0.00034700
6.66250000	0.38697470	0.99954222	0.00034700
6.71666700	0.36988430	0.99954222	0.00034700
6.76666700	0.29297770	0.99954222	0.00034700
6.80416700	0.26490070	0.99954222	0.00034700
6.85000000	0.28931550	0.99954222	0.00034700
6.89166700	0.35035250	0.99954222	0.00034700
6.93750000	0.33082060	0.99954222	0.00034700
6.97500000	0.26367990	0.99954222	0.00034700
7.00833300	0.23438220	0.99954222	0.00034700
7.04583300	0.25025180	0.99954222	0.00034700
7.08333300	0.31983400	0.99954222	0.00034700
7.13333300	0.29786070	0.99954222	0.00034700
7.17916700	0.21973330	0.99954222	0.00034700
7.22916700	0.20508440	0.99954222	0.00034700
7.27916700	0.22827850	0.99954222	0.00034700
7.32916700	0.28809470	0.99954222	0.00034700
7.37500000	0.28199100	0.99954222	0.00034700
7.42916700	0.21729180	0.99954222	0.00034700
7.48750000	0.20264290	0.99954222	0.00034700
7.54166700	0.23438220	0.99954222	0.00034700
7.58333300	0.31250950	0.99954222	0.00034700
7.62500000	0.31128880	0.99954222	0.00034700
7.67083300	0.25147250	0.99954222	0.00034700
7.71250000	0.24658960	0.99954222	0.00034700
7.76250000	0.27710810	0.99954222	0.00034700
7.81250000	0.36744290	0.99954222	0.00034700
7.86250000	0.36744290	0.99954222	0.00034700
7.90416700	0.30884730	0.99954222	0.00034700
7.94166700	0.30030210	0.99954222	0.00034700
7.98333300	0.34546950	0.99954222	0.00034700
8.02916700	0.42359690	0.99954222	0.00034700
8.08333300	0.43092140	0.99954222	0.00034700
8.13750000	0.38331250	0.99954222	0.00034700
8.18750000	0.36988430	0.99954222	0.00034700
8.23750000	0.40406510	0.99954222	0.00034700
8.28750000	0.49928280	0.99954222	0.00034700
8.33750000	0.49195840	0.99954222	0.00034700
8.37500000	0.43458360	0.99954222	0.00034700
8.42500000	0.43092140	0.99954222	0.00034700
8.47500000	0.46388130	0.99954222	0.00034700
8.52916700	0.53956720	0.99954222	0.00034700
8.59166700	0.53712580	0.99954222	0.00034700
8.64166700	0.46876430	0.99954222	0.00034700
8.69166700	0.44312880	0.99954222	0.00034700
8.74166700	0.47120580	0.99954222	0.00034700
8.80000000	0.53468430	0.99954222	0.00034700
8.85416700	0.52125610	0.99954222	0.00034700
8.89583300	0.45411540	0.99954222	0.00034700
8.93750000	0.42847990	0.99954222	0.00034700
8.97500000	0.44679100	0.99954222	0.00034700
9.01666700	0.50904870	0.99954222	0.00034700
9.06250000	0.49073760	0.99954222	0.00034700
9.10000000	0.41138950	0.99954222	0.00034700
9.14166700	0.38087100	0.99954222	0.00034700
9.19166700	0.40040280	0.99954222	0.00034700
9.24583300	0.46143990	0.99954222	0.00034700
9.30000000	0.44312880	0.99954222	0.00034700
9.35000000	0.37965030	0.99954222	0.00034700
9.40000000	0.34913170	0.99954222	0.00034700
9.44583300	0.37110510	0.99954222	0.00034700
9.49166700	0.45289470	0.99954222	0.00034700
9.53750000	0.43946650	0.99954222	0.00034700
9.58333300	0.37965030	0.99954222	0.00034700
9.62500000	0.36378060	0.99954222	0.00034700
9.67083300	0.39918210	0.99954222	0.00034700
9.72083300	0.48951690	0.99954222	0.00034700
9.77500000	0.51637320	0.99954222	0.00034700
9.83333300	0.48219240	0.99954222	0.00034700
9.87916700	0.47853020	0.99954222	0.00034700
9.92916700	0.53468430	0.99954222	0.00034700
9.97500000	0.64943390	0.99954222	0.00034700
10.02500000	0.68727680	0.99954222	0.00034700
10.06666700	0.66896570	0.99954222	0.00034700
10.11250000	0.66774500	0.99954222	0.00034700
10.16666700	0.71291240	0.99954222	0.00034700
10.22916700	0.81179240	0.99954222	0.00034700
10.29166700	0.85818050	0.99954222	0.00034700
10.35000000	0.84719380	0.99954222	0.00034700
10.40000000	0.87282940	0.99954222	0.00034700
10.45833300	0.93752860	0.99954222	0.00034700
10.52083300	1.05471970	0.99954222	0.00034700
10.57916700	1.09500410	0.99954222	0.00034700
10.63750000	1.06082340	0.99954222	0.00034700
10.68750000	1.02542190	0.99954222	0.00034700
10.72500000	1.05838190	0.99954222	0.00034700
10.77083300	1.15604110	0.99954222	0.00034700
10.82916700	1.16580710	0.99954222	0.00034700
10.88333300	1.14261300	0.99954222	0.00034700
10.94583300	1.11087370	0.99954222	0.00034700
11.00416700	1.12918490	0.99954222	0.00034700
11.06666700	1.19632560	0.99954222	0.00034700
11.12083300	1.21829890	0.99954222	0.00034700
11.17916700	1.16580710	0.99954222	0.00034700
11.24583300	1.10354930	0.99954222	0.00034700
11.31250000	1.13284710	0.99954222	0.00034700
11.37083300	1.20975370	0.99954222	0.00034700
11.42500000	1.23661000	0.99954222	0.00034700
11.46666700	1.18411820	0.99954222	0.00034700
11.52916700	1.15359970	0.99954222	0.00034700
11.59166700	1.17801450	0.99954222	0.00034700
11.64583300	1.25858330	0.99954222	0.00034700
11.70000000	1.28788110	0.99954222	0.00034700
11.74583300	1.22684410	0.99954222	0.00034700
11.78333300	1.20120850	0.99954222	0.00034700
11.82083300	1.24393440	0.99954222	0.00034700
11.86250000	1.32572410	0.99954222	0.00034700
11.90000000	1.33426920	0.99954222	0.00034700
11.92916700	1.30375070	0.99954222	0.00034700
11.96250000	1.28788110	0.99954222	0.00034700
12.00000000	1.31717890	0.99954222	0.00034700
12.04166700	1.38431960	0.99954222	0.00034700
12.07916700	1.38431960	0.99954222	0.00034700
12.11666700	1.34769740	0.99954222	0.00034700
12.15416700	1.30863370	0.99954222	0.00034700
12.18750000	1.32816550	0.99954222	0.00034700
12.22500000	1.41239660	0.99954222	0.00034700
12.26250000	1.42582480	0.99954222	0.00034700
12.30416700	1.37211220	0.99954222	0.00034700
12.35416700	1.30497150	0.99954222	0.00034700
12.39583300	1.31595810	0.99954222	0.00034700
12.43333300	1.36967070	0.99954222	0.00034700
12.47083300	1.35380110	0.99954222	0.00034700
12.51666700	1.29764700	0.99954222	0.00034700
12.56666700	1.22196110	0.99954222	0.00034700
12.62083300	1.19754630	0.99954222	0.00034700
12.67916700	1.21585740	0.99954222	0.00034700
12.72916700	1.15237890	0.99954222	0.00034700
12.76666700	1.05960260	0.99954222	0.00034700
12.81250000	0.98025450	0.99954222	0.00034700
12.85416700	0.94851530	0.99954222	0.00034700
12.89583300	0.96804710	0.99954222	0.00034700
12.94583300	0.92165900	0.99954222	0.00034700
12.97916700	0.82033750	0.99954222	0.00034700
13.01666700	0.72267830	0.99954222	0.00034700
13.04583300	0.71169160	0.99954222	0.00034700
13.07083300	0.74831390	0.99954222	0.00034700
13.10000000	0.72145760	0.99954222	0.00034700
13.13333300	0.65187540	0.99954222	0.00034700
13.16666700	0.57130650	0.99954222	0.00034700
13.17916700	0.54933320	0.99954222	0.00034700
13.20000000	0.59938350	0.99954222	0.00034700
13.22083300	0.58595540	0.99954222	0.00034700
13.23750000	0.52125610	0.99954222	0.00034700
13.25833300	0.45045320	0.99954222	0.00034700
13.28333300	0.44801170	0.99954222	0.00034700
13.30416700	0.48951690	0.99954222	0.00034700
13.33333300	0.47364730	0.99954222	0.00034700
13.36250000	0.41261020	0.99954222	0.00034700
13.39166700	0.33570360	0.99954222	0.00034700
13.42500000	0.34058660	0.99954222	0.00034700
13.46250000	0.39551990	0.99954222	0.00034700
13.49583300	0.39185770	0.99954222	0.00034700
13.52916700	0.34669030	0.99954222	0.00034700
13.56250000	0.29663990	0.99954222	0.00034700
13.59583300	0.31861320	0.99954222	0.00034700
13.62500000	0.39063690	0.99954222	0.00034700
13.65833300	0.41383100	0.99954222	0.00034700
13.69166700	0.37965030	0.99954222	0.00034700
13.72916700	0.34546950	0.99954222	0.00034700
13.76666700	0.39429910	0.99954222	0.00034700
13.80416700	0.49073760	0.99954222	0.00034700
13.83750000	0.52491840	0.99954222	0.00034700
13.87083300	0.52735980	0.99954222	0.00034700
13.90833300	0.51271100	0.99954222	0.00034700
13.94583300	0.56886500	0.99954222	0.00034700
13.98333300	0.68117310	0.99954222	0.00034700
14.02083300	0.72267830	0.99954222	0.00034700
14.05833300	0.73000270	0.99954222	0.00034700
14.10416700	0.72634050	0.99954222	0.00034700
14.13333300	0.78737750	0.99954222	0.00034700
14.16666700	0.89480270	0.99954222	0.00034700
14.20416700	0.95461900	0.99954222	0.00034700
14.23750000	0.97170930	0.99954222	0.00034700
14.27500000	0.95706050	0.99954222	0.00034700
14.31250000	1.00466930	0.99954222	0.00034700
14.35416700	1.09744560	0.99954222	0.00034700
14.37083300	1.13284710	0.99954222	0.00034700
14.40833300	1.12063970	0.99954222	0.00034700
14.43750000	1.08523820	0.99954222	0.00034700
14.46666700	1.11697740	0.99954222	0.00034700
14.50000000	1.19388410	0.99954222	0.00034700
14.53333300	1.24027220	0.99954222	0.00034700
14.57083300	1.22318190	0.99954222	0.00034700
14.61666700	1.17923520	0.99954222	0.00034700
14.65416700	1.18655960	0.99954222	0.00034700
14.69583300	1.22318190	0.99954222	0.00034700
14.72916700	1.21585740	0.99954222	0.00034700
14.76666700	1.17191080	0.99954222	0.00034700
14.81250000	1.08157600	0.99954222	0.00034700
14.85833300	1.06204410	0.99954222	0.00034700
14.90416700	1.10477000	0.99954222	0.00034700
14.95000000	1.08890040	0.99954222	0.00034700
15.00416700	1.00100710	0.99954222	0.00034700
15.05000000	0.88381600	0.99954222	0.00034700
15.10000000	0.84231090	0.99954222	0.00034700
15.14166700	0.86428420	0.99954222	0.00034700
15.19166700	0.84231090	0.99954222	0.00034700
15.23333300	0.78127380	0.99954222	0.00034700
15.27500000	0.69338050	0.99954222	0.00034700
15.31250000	0.69215980	0.99954222	0.00034700
15.35416700	0.73976870	0.99954222	0.00034700
15.38750000	0.74465160	0.99954222	0.00034700
15.41666700	0.71047090	0.99954222	0.00034700
15.44583300	0.63966800	0.99954222	0.00034700
15.47083300	0.64943390	0.99954222	0.00034700
15.48750000	0.71657460	0.99954222	0.00034700
15.50833300	0.74465160	0.99954222	0.00034700
15.52916700	0.71657460	0.99954222	0.00034700
15.55833300	0.66530350	0.99954222	0.00034700
15.59166700	0.70558790	0.99954222	0.00034700
15.62916700	0.78493610	0.99954222	0.00034700
15.67500000	0.83620720	0.99954222	0.00034700
15.72083300	0.85451830	0.99954222	0.00034700
15.77083300	0.83498640	0.99954222	0.00034700
15.82083300	0.89846490	0.99954222	0.00034700
15.86250000	1.02420120	0.99954222	0.00034700
15.90000000	1.09744560	0.99954222	0.00034700
15.93333300	1.14017150	0.99954222	0.00034700
15.97083300	1.13650930	0.99954222	0.00034700
16.00833300	1.20731220	0.99954222	0.00034700
16.04583300	1.33915220	0.99954222	0.00034700
16.09166700	1.42582480	0.99954222	0.00034700
16.14166700	1.47099220	0.99954222	0.00034700
16.20000000	1.46244700	0.99954222	0.00034700
16.25000000	1.52104250	0.99954222	0.00034700
16.30416700	1.61015660	0.99954222	0.00034700
16.36250000	1.65898620	0.99954222	0.00034700
16.42916700	1.66142770	0.99954222	0.00034700
16.49166700	1.58818320	0.99954222	0.00034700
16.56250000	1.56987210	0.99954222	0.00034700
16.63333300	1.58940400	0.99954222	0.00034700
16.69583300	1.54789880	0.99954222	0.00034700
16.74583300	1.44657730	0.99954222	0.00034700
16.81250000	1.30008850	0.99954222	0.00034700
16.87500000	1.23905150	0.99954222	0.00034700
16.93750000	1.18167670	0.99954222	0.00034700
16.99166700	1.08035520	0.99954222	0.00034700
17.04166700	0.93752860	0.99954222	0.00034700
17.09166700	0.76418350	0.99954222	0.00034700
17.13750000	0.68605610	0.99954222	0.00034700
17.19166700	0.66652420	0.99954222	0.00034700
17.23333300	0.63112280	0.99954222	0.00034700
17.27916700	0.56642350	0.99954222	0.00034700
17.32083300	0.48829620	0.99954222	0.00034700
17.35833300	0.49317910	0.99954222	0.00034700
17.39583300	0.56276130	0.99954222	0.00034700
17.43750000	0.62135690	0.99954222	0.00034700
17.47500000	0.63478500	0.99954222	0.00034700
17.51250000	0.62013610	0.99954222	0.00034700
17.55000000	0.70925020	0.99954222	0.00034700
17.59166700	0.85207680	0.99954222	0.00034700
17.63333300	0.97415080	0.99954222	0.00034700
17.65833300	1.05349890	0.99954222	0.00034700
17.69583300	1.07303080	0.99954222	0.00034700
17.72916700	1.19876710	0.99954222	0.00034700
17.76250000	1.37455370	0.99954222	0.00034700
17.78750000	1.50395210	0.99954222	0.00034700
17.82500000	1.56498920	0.99954222	0.00034700
17.85833300	1.56498920	0.99954222	0.00034700
17.89166700	1.64799950	0.99954222	0.00034700
17.93750000	1.76763210	0.99954222	0.00034700
17.98333300	1.89947200	0.99954222	0.00034700
18.03333300	1.99957270	0.99954222	0.00034700
18.07083300	2.04351940	0.99954222	0.00034700
18.10833300	2.14728230	0.99954222	0.00034700
18.14583300	2.27057710	0.99954222	0.00034700
18.18750000	2.34992520	0.99954222	0.00034700
18.22500000	2.37434000	0.99954222	0.00034700
18.26250000	2.36091190	0.99954222	0.00034700
18.29583300	2.41950740	0.99954222	0.00034700
18.32916700	2.50618000	0.99954222	0.00034700
18.36666700	2.53425700	0.99954222	0.00034700
18.41250000	2.44270150	0.99954222	0.00034700
18.45000000	2.25592820	0.99954222	0.00034700
18.48750000	2.14362010	0.99954222	0.00034700
18.52083300	2.09479050	0.99954222	0.00034700
18.55416700	2.04351940	0.99954222	0.00034700
18.58750000	1.95196390	0.99954222	0.00034700
18.62500000	1.78106020	0.99954222	0.00034700
18.65833300	1.69194620	0.99954222	0.00034700
18.69166700	1.64067510	0.99954222	0.00034700
18.72916700	1.54789880	0.99954222	0.00034700
18.77083300	1.38676110	0.99954222	0.00034700
18.81250000	1.17313150	0.99954222	0.00034700
18.84166700	1.06082340	0.99954222	0.00034700
18.87916700	1.01077300	0.99954222	0.00034700
18.90833300	0.96560560	0.99954222	0.00034700
18.94583300	0.86794640	0.99954222	0.00034700
18.97916700	0.70558790	0.99954222	0.00034700
19.02083300	0.62501910	0.99954222	0.00034700
19.06666700	0.57985170	0.99954222	0.00034700
19.11250000	0.53712580	0.99954222	0.00034700
19.15416700	0.48707540	0.99954222	0.00034700
19.19166700	0.40894800	0.99954222	0.00034700
19.22500000	0.43336280	0.99954222	0.00034700
19.25833300	0.52735980	0.99954222	0.00034700
19.29583300	0.62868130	0.99954222	0.00034700
19.33750000	0.68605610	0.99954222	0.00034700
19.37500000	0.72511980	0.99954222	0.00034700
19.41666700	0.87160860	0.99954222	0.00034700
19.45416700	1.08767970	0.99954222	0.00034700
19.48333300	1.32206180	0.99954222	0.00034700
19.51250000	1.49296550	0.99954222	0.00034700
19.54583300	1.61503950	0.99954222	0.00034700
19.57916700	1.82134460	0.99954222	0.00034700
19.62083300	2.11066010	0.99954222	0.00034700
19.67500000	2.43293560	0.99954222	0.00034700
19.73333300	2.79061250	0.99954222	0.00034700
19.79166700	3.22763760	0.99954222	0.00034700
19.85416700	3.76842560	0.99954222	0.00034700
19.90833300	4.23963130	0.99954222	0.00034700
19.95416700	4.52162240	0.99954222	0.00034700
19.99583300	4.55336160	0.99954222	0.00034700
20.04166700	4.51796010	0.99954222	0.00034700
20.08333300	4.58265940	0.99954222	0.00034700
20.12916700	4.71083710	0.99954222	0.00034700
20.16666700	4.89638970	0.99954222	0.00034700
20.21666700	4.98062070	0.99954222	0.00034700
20.26250000	4.92202520	0.99954222	0.00034700
20.31250000	4.82558670	0.99954222	0.00034700
20.35833300	4.60829490	0.99954222	0.00034700
20.40416700	4.29700610	0.99954222	0.00034700
20.46250000	3.90514850	0.99954222	0.00034700
20.52916700	3.50474560	0.99954222	0.00034700
20.59166700	3.13486130	0.99954222	0.00034700
20.64583300	2.82235180	0.99954222	0.00034700
20.69166700	2.53059480	0.99954222	0.00034700
20.72916700	2.20221560	0.99954222	0.00034700
20.77500000	1.82012390	0.99954222	0.00034700
20.82500000	1.54423660	0.99954222	0.00034700
20.87916700	1.32450330	0.99954222	0.00034700
20.94166700	1.15604110	0.99954222	0.00034700
21.00833300	1.04739520	0.99954222	0.00034700
21.05416700	1.06082340	0.99954222	0.00034700
21.12083300	1.28055670	0.99954222	0.00034700
21.18333300	1.73223060	0.99954222	0.00034700
21.22500000	2.26935640	0.99954222	0.00034700
21.27916700	2.71980960	0.99954222	0.00034700
21.32916700	3.24472790	0.99954222	0.00034700
21.37916700	3.94665360	0.99954222	0.00034700
21.42500000	4.73403120	0.99954222	0.00034700
21.47500000	5.75823240	0.99954222	0.00034700
21.51666700	6.70064390	0.99954222	0.00034700
21.55833300	7.56004520	0.99954222	0.00034700
21.59166700	8.37549970	0.99954222	0.00034700
21.62916700	9.04324470	0.99954222	0.00034700
21.66250000	9.65361490	0.99954222	0.00034700
21.70000000	10.12726220	0.99954222	0.00034700
21.74166700	10.50691240	0.99954222	0.00034700
21.78750000	10.94515820	0.99954222	0.00034700
21.82083300	11.30649740	0.99954222	0.00034700
21.85833300	11.64098030	0.99954222	0.00034700
21.88333300	11.92541280	0.99954222	0.00034700
21.91666700	12.11584830	0.99954222	0.00034700
21.95000000	12.37586600	0.99954222	0.00034700
21.98750000	12.76039920	0.99954222	0.00034700
29.05000000	4.01379440	0.99954222	0.00034700
29.10416700	3.67320780	0.99954222	0.00034700
29.14583300	3.36924340	0.99954222	0.00034700
29.17916700	3.16171760	0.99954222	0.00034700
29.22916700	2.96273690	0.99954222	0.00034700
29.28333300	2.62581260	0.99954222	0.00034700
29.34583300	2.11188090	0.99954222	0.00034700
29.40833300	1.53813290	0.99954222	0.00034700
29.47500000	1.10599080	0.99954222	0.00034700
29.52916700	0.86916710	0.99954222	0.00034700
29.59166700	0.67384870	0.99954222	0.00034700
29.65416700	0.48829620	0.99954222	0.00034700
29.71250000	0.34913170	0.99954222	0.00034700
29.77500000	0.33204140	0.99954222	0.00034700
29.83750000	0.44312880	0.99954222	0.00034700
29.89166700	0.55299540	0.99954222	0.00034700
29.95000000	0.67995240	0.99954222	0.00034700
30.01666700	0.83010350	0.99954222	0.00034700
30.07500000	1.06448560	0.99954222	0.00034700
30.12083300	1.32206180	0.99954222	0.00034700
30.17500000	1.48930330	0.99954222	0.00034700
30.22916700	1.62114320	0.99954222	0.00034700
30.27500000	1.75054170	0.99954222	0.00034700
30.31666700	1.92999050	0.99954222	0.00034700
30.36250000	2.13263340	0.99954222	0.00034700
30.41250000	2.23029270	0.99954222	0.00034700
30.47083300	2.22540970	0.99954222	0.00034700
30.52916700	2.13995790	0.99954222	0.00034700
30.60000000	2.16803490	0.99954222	0.00034700
30.65833300	2.28522600	0.99954222	0.00034700
30.72083300	2.24616230	0.99954222	0.00034700
30.78750000	2.03985720	0.99954222	0.00034700
30.84583300	1.73955500	0.99954222	0.00034700
30.90833300	1.56865140	0.99954222	0.00034700
30.97500000	1.44901880	0.99954222	0.00034700
31.02916700	1.27445300	0.99954222	0.00034700
31.08750000	1.06448560	0.99954222	0.00034700
31.14166700	0.81301310	0.99954222	0.00034700
31.19166700	0.67995240	0.99954222	0.00034700
31.24583300	0.63844720	0.99954222	0.00034700
31.29583300	0.58229320	0.99954222	0.00034700
31.34166700	0.48951690	0.99954222	0.00034700
31.38750000	0.39063690	0.99954222	0.00034700
31.42500000	0.37842950	0.99954222	0.00034700
31.46250000	0.43824580	0.99954222	0.00034700
31.50833300	0.47486800	0.99954222	0.00034700
31.55000000	0.48219240	0.99954222	0.00034700
31.59583300	0.46266060	0.99954222	0.00034700
31.64166700	0.52858060	0.99954222	0.00034700
31.68750000	0.65919980	0.99954222	0.00034700
31.72916700	0.76174200	0.99954222	0.00034700
31.77500000	0.83986940	0.99954222	0.00034700
31.82083300	0.88503680	0.99954222	0.00034700
31.86250000	1.01565600	0.99954222	0.00034700
31.91250000	1.19388410	0.99954222	0.00034700
31.95416700	1.29764700	0.99954222	0.00034700
32.00000000	1.34281440	0.99954222	0.00034700
32.04166700	1.34281440	0.99954222	0.00034700
32.08750000	1.44291510	0.99954222	0.00034700
32.13750000	1.56865140	0.99954222	0.00034700
32.19166700	1.63579210	0.99954222	0.00034700
32.25833300	1.62480540	0.99954222	0.00034700
32.32083300	1.56254770	0.99954222	0.00034700
32.36250000	1.57597580	0.99954222	0.00034700
32.41250000	1.58330030	0.99954222	0.00034700
32.45833300	1.51860100	0.99954222	0.00034700
32.50833300	1.38187810	0.99954222	0.00034700
32.55833300	1.21097450	0.99954222	0.00034700
32.61250000	1.12063970	0.99954222	0.00034700
32.67916700	1.05349890	0.99954222	0.00034700
32.75000000	0.93020420	0.99954222	0.00034700
32.81666700	0.76052130	0.99954222	0.00034700
32.88333300	0.55909910	0.99954222	0.00034700
32.95000000	0.44068730	0.99954222	0.00034700
33.01250000	0.40162360	0.99954222	0.00034700
33.07083300	0.37720880	0.99954222	0.00034700
33.12083300	0.33326210	0.99954222	0.00034700
33.17916700	0.24781030	0.99954222	0.00034700
33.23750000	0.26367990	0.99954222	0.00034700
33.28750000	0.35035250	0.99954222	0.00034700
33.34166700	0.41261020	0.99954222	0.00034700
33.39583300	0.45045320	0.99954222	0.00034700
33.45000000	0.45533620	0.99954222	0.00034700
33.49583300	0.54200870	0.99954222	0.00034700
33.54583300	0.65797910	0.99954222	0.00034700
33.59166700	0.76052130	0.99954222	0.00034700
33.63750000	0.80935090	0.99954222	0.00034700
33.68333300	0.80080570	0.99954222	0.00034700
33.72916700	0.87527090	0.99954222	0.00034700
33.77500000	0.99002040	0.99954222	0.00034700
33.82500000	1.08401750	0.99954222	0.00034700
33.87500000	1.09622490	0.99954222	0.00034700
33.92083300	1.02908410	0.99954222	0.00034700
33.96666700	1.03396710	0.99954222	0.00034700
34.01250000	1.08890040	0.99954222	0.00034700
34.07083300	1.11819820	0.99954222	0.00034700
34.12916700	1.08523820	0.99954222	0.00034700
34.18750000	0.97781300	0.99954222	0.00034700
34.24166700	0.92043820	0.99954222	0.00034700
34.29166700	0.89968570	0.99954222	0.00034700
34.34583300	0.86672570	0.99954222	0.00034700
34.40000000	0.77272870	0.99954222	0.00034700
34.45833300	0.60914940	0.99954222	0.00034700
34.51666700	0.54322950	0.99954222	0.00034700
34.57500000	0.53102210	0.99954222	0.00034700
34.62500000	0.50538650	0.99954222	0.00034700
34.68333300	0.42970060	0.99954222	0.00034700
34.73750000	0.31861320	0.99954222	0.00034700
34.80000000	0.28321180	0.99954222	0.00034700
34.85833300	0.31128880	0.99954222	0.00034700
34.90416700	0.34791100	0.99954222	0.00034700
34.95000000	0.34058660	0.99954222	0.00034700
35.00000000	0.27588730	0.99954222	0.00034700
35.05000000	0.31250950	0.99954222	0.00034700
35.09583300	0.37720880	0.99954222	0.00034700
35.14166700	0.45655690	0.99954222	0.00034700
35.19583300	0.47853020	0.99954222	0.00034700
35.25416700	0.44557020	0.99954222	0.00034700
35.32500000	0.50416580	0.99954222	0.00034700
35.38750000	0.61159090	0.99954222	0.00034700
35.45833300	0.70314650	0.99954222	0.00034700
35.51666700	0.72389900	0.99954222	0.00034700
35.57500000	0.66286200	0.99954222	0.00034700
35.63750000	0.65919980	0.99954222	0.00034700
35.70000000	0.71169160	0.99954222	0.00034700
35.75833300	0.74709310	0.99954222	0.00034700
35.82083300	0.70558790	0.99954222	0.00034700
35.87916700	0.60060430	0.99954222	0.00034700
35.93333300	0.55543690	0.99954222	0.00034700
35.98333300	0.56764430	0.99954222	0.00034700
36.03333300	0.58473460	0.99954222	0.00034700
36.07916700	0.53102210	0.99954222	0.00034700
36.12500000	0.41993470	0.99954222	0.00034700
36.17083300	0.38087100	0.99954222	0.00034700
36.21250000	0.38575400	0.99954222	0.00034700
36.26250000	0.40772730	0.99954222	0.00034700
36.30416700	0.37110510	0.99954222	0.00034700
36.34166700	0.27588730	0.99954222	0.00034700
36.37916700	0.25879700	0.99954222	0.00034700
36.41666700	0.27466660	0.99954222	0.00034700
36.45833300	0.32227550	0.99954222	0.00034700
36.49166700	0.30762660	0.99954222	0.00034700
36.53333300	0.23316140	0.99954222	0.00034700
36.56666700	0.23194070	0.99954222	0.00034700
36.60833300	0.26734210	0.99954222	0.00034700
36.64583300	0.33326210	0.99954222	0.00034700
36.68750000	0.33448290	0.99954222	0.00034700
36.72916700	0.28077030	0.99954222	0.00034700
36.77916700	0.28077030	0.99954222	0.00034700
36.82916700	0.33204140	0.99954222	0.00034700
36.87083300	0.41749320	0.99954222	0.00034700
36.91250000	0.41993470	0.99954222	0.00034700
36.95000000	0.37110510	0.99954222	0.00034700
36.98750000	0.38941620	0.99954222	0.00034700
37.02500000	0.43214210	0.99954222	0.00034700
37.05833300	0.49562060	0.99954222	0.00034700
37.09583300	0.49562060	0.99954222	0.00034700
37.12916700	0.44312880	0.99954222	0.00034700
37.16250000	0.43946650	0.99954222	0.00034700
37.20416700	0.47486800	0.99954222	0.00034700
37.24166700	0.54811240	0.99954222	0.00034700
37.27916700	0.54445020	0.99954222	0.00034700
37.31666700	0.48707540	0.99954222	0.00034700
37.35833300	0.46998500	0.99954222	0.00034700
37.40000000	0.48463390	0.99954222	0.00034700
37.44166700	0.54811240	0.99954222	0.00034700
37.47916700	0.53102210	0.99954222	0.00034700
37.51250000	0.44923250	0.99954222	0.00034700
37.54166700	0.41993470	0.99954222	0.00034700
37.57500000	0.43824580	0.99954222	0.00034700
37.60000000	0.49073760	0.99954222	0.00034700
37.62500000	0.47364730	0.99954222	0.00034700
37.65416700	0.39307840	0.99954222	0.00034700
37.67916700	0.35279400	0.99954222	0.00034700
37.70833300	0.36500140	0.99954222	0.00034700
37.73750000	0.42847990	0.99954222	0.00034700
37.77083300	0.40040280	0.99954222	0.00034700
37.80833300	0.31250950	0.99954222	0.00034700
37.84583300	0.27954950	0.99954222	0.00034700
37.87500000	0.29175700	0.99954222	0.00034700
37.91666700	0.34546950	0.99954222	0.00034700
37.96250000	0.32471690	0.99954222	0.00034700
38.00416700	0.24903100	0.99954222	0.00034700
38.04583300	0.21851250	0.99954222	0.00034700
38.09166700	0.23682360	0.99954222	0.00034700
38.13750000	0.30274360	0.99954222	0.00034700
38.18750000	0.29419840	0.99954222	0.00034700
38.23333300	0.23804440	0.99954222	0.00034700
38.27500000	0.22217470	0.99954222	0.00034700
38.32083300	0.25391400	0.99954222	0.00034700
38.36250000	0.33326210	0.99954222	0.00034700
38.40833300	0.34180730	0.99954222	0.00034700
38.45416700	0.29419840	0.99954222	0.00034700
38.49166700	0.28809470	0.99954222	0.00034700
38.53750000	0.32593770	0.99954222	0.00034700
38.58750000	0.41871400	0.99954222	0.00034700
38.63750000	0.43092140	0.99954222	0.00034700
38.68750000	0.38697470	0.99954222	0.00034700
38.72916700	0.38087100	0.99954222	0.00034700
38.77500000	0.41138950	0.99954222	0.00034700
38.82083300	0.49806210	0.99954222	0.00034700
38.86666700	0.50904870	0.99954222	0.00034700
38.90833300	0.45045320	0.99954222	0.00034700
38.95416700	0.42847990	0.99954222	0.00034700
39.00000000	0.44312880	0.99954222	0.00034700
39.05000000	0.51149020	0.99954222	0.00034700
39.09583300	0.50782800	0.99954222	0.00034700
39.13750000	0.44801170	0.99954222	0.00034700
39.18333300	0.39307840	0.99954222	0.00034700
39.22083300	0.40406510	0.99954222	0.00034700
39.26250000	0.46388130	0.99954222	0.00034700
39.30416700	0.43946650	0.99954222	0.00034700
39.34166700	0.37110510	0.99954222	0.00034700
39.37916700	0.33204140	0.99954222	0.00034700
39.42083300	0.33082060	0.99954222	0.00034700
39.46666700	0.38453320	0.99954222	0.00034700
39.51666700	0.36133920	0.99954222	0.00034700
39.56666700	0.28321180	0.99954222	0.00034700
39.60000000	0.23560290	0.99954222	0.00034700
39.64583300	0.24414810	0.99954222	0.00034700
39.69166700	0.30396440	0.99954222	0.00034700
39.73750000	0.29663990	0.99954222	0.00034700
39.78333300	0.23926510	0.99954222	0.00034700
39.83750000	0.19653920	0.99954222	0.00034700
39.89583300	0.21729180	0.99954222	0.00034700
39.95000000	0.29175700	0.99954222	0.00034700
39.99166700	0.29663990	0.99954222	0.00034700
40.04166700	0.25391400	0.99954222	0.00034700
40.08750000	0.22705770	0.99954222	0.00034700
40.13333300	0.24536880	0.99954222	0.00034700
40.17916700	0.32227550	0.99954222	0.00034700
40.22083300	0.33570360	0.99954222	0.00034700
40.25833300	0.30030210	0.99954222	0.00034700
40.29583300	0.26734210	0.99954222	0.00034700
40.34166700	0.30030210	0.99954222	0.00034700
40.38333300	0.38697470	0.99954222	0.00034700
40.42083300	0.39063690	0.99954222	0.00034700
40.46250000	0.35523550	0.99954222	0.00034700
40.50833300	0.31373030	0.99954222	0.00034700
40.56250000	0.32349620	0.99954222	0.00034700
40.61250000	0.40040280	0.99954222	0.00034700
40.64583300	0.39796140	0.99954222	0.00034700
40.69166700	0.35157320	0.99954222	0.00034700
40.72500000	0.30274360	0.99954222	0.00034700
40.77083300	0.31250950	0.99954222	0.00034700
40.81666700	0.36744290	0.99954222	0.00034700
40.86250000	0.37354660	0.99954222	0.00034700
40.91250000	0.31617180	0.99954222	0.00034700
40.96250000	0.25147250	0.99954222	0.00034700
41.00833300	0.25635550	0.99954222	0.00034700
41.04583300	0.31373030	0.99954222	0.00034700
41.08750000	0.31128880	0.99954222	0.00034700
41.12500000	0.25879700	0.99954222	0.00034700
41.15833300	0.19653920	0.99954222	0.00034700
41.19166700	0.20142220	0.99954222	0.00034700
41.21666700	0.26367990	0.99954222	0.00034700
41.24166700	0.27222510	0.99954222	0.00034700
41.26666700	0.22339550	0.99954222	0.00034700
41.29583300	0.17090370	0.99954222	0.00034700
41.32083300	0.17822810	0.99954222	0.00034700
41.34583300	0.23926510	0.99954222	0.00034700
41.37083300	0.24536880	0.99954222	0.00034700
41.39583300	0.21485030	0.99954222	0.00034700
41.42916700	0.15625480	0.99954222	0.00034700
41.46250000	0.16724140	0.99954222	0.00034700
41.49583300	0.23560290	0.99954222	0.00034700
41.53333300	0.25147250	0.99954222	0.00034700
41.57083300	0.22339550	0.99954222	0.00034700
41.60833300	0.16846220	0.99954222	0.00034700
41.64583300	0.18433180	0.99954222	0.00034700
41.68333300	0.25391400	0.99954222	0.00034700
41.72083300	0.28199100	0.99954222	0.00034700
41.75833300	0.25757620	0.99954222	0.00034700
41.79166700	0.19775990	0.99954222	0.00034700
41.83333300	0.22095400	0.99954222	0.00034700
41.87500000	0.29053620	0.99954222	0.00034700
41.91250000	0.31861320	0.99954222	0.00034700
41.94583300	0.29663990	0.99954222	0.00034700
41.97083300	0.23804440	0.99954222	0.00034700
41.99166700	0.24781030	0.99954222	0.00034700
42.01666700	0.32227550	0.99954222	0.00034700
42.04166700	0.35401470	0.99954222	0.00034700
42.06666700	0.32471690	0.99954222	0.00034700
42.09166700	0.26856290	0.99954222	0.00034700
42.11250000	0.28809470	0.99954222	0.00034700
42.13750000	0.35401470	0.99954222	0.00034700
42.16250000	0.38087100	0.99954222	0.00034700
42.19166700	0.36255990	0.99954222	0.00034700
42.22083300	0.29175700	0.99954222	0.00034700
42.25000000	0.30884730	0.99954222	0.00034700
42.28750000	0.37110510	0.99954222	0.00034700
42.32083300	0.39918210	0.99954222	0.00034700
42.35833300	0.37232580	0.99954222	0.00034700
42.38333300	0.29786070	0.99954222	0.00034700
42.41666700	0.30640580	0.99954222	0.00034700
42.44166700	0.36500140	0.99954222	0.00034700
42.45833300	0.39063690	0.99954222	0.00034700
42.48750000	0.36133920	0.99954222	0.00034700
42.51250000	0.28321180	0.99954222	0.00034700
42.54166700	0.29541920	0.99954222	0.00034700
42.57500000	0.33692430	0.99954222	0.00034700
42.60416700	0.35889770	0.99954222	0.00034700
42.63333300	0.33204140	0.99954222	0.00034700
42.66250000	0.25391400	0.99954222	0.00034700
42.69583300	0.24903100	0.99954222	0.00034700
42.72500000	0.30762660	0.99954222	0.00034700
42.75833300	0.32959990	0.99954222	0.00034700
42.79166700	0.29786070	0.99954222	0.00034700
42.81666700	0.21485030	0.99954222	0.00034700
42.85000000	0.21729180	0.99954222	0.00034700
42.88333300	0.26490070	0.99954222	0.00034700
42.92083300	0.28931550	0.99954222	0.00034700
42.95416700	0.26490070	0.99954222	0.00034700
42.98750000	0.18189030	0.99954222	0.00034700
43.01666700	0.18433180	0.99954222	0.00034700
43.05000000	0.23560290	0.99954222	0.00034700
43.08333300	0.26367990	0.99954222	0.00034700
43.11250000	0.23926510	0.99954222	0.00034700
43.14583300	0.16602070	0.99954222	0.00034700
43.17916700	0.16602070	0.99954222	0.00034700
43.20833300	0.22217470	0.99954222	0.00034700
43.22916700	0.25635550	0.99954222	0.00034700
43.25000000	0.23682360	0.99954222	0.00034700
43.27500000	0.16235850	0.99954222	0.00034700
43.30000000	0.17456590	0.99954222	0.00034700
43.32083300	0.22095400	0.99954222	0.00034700
43.34583300	0.26001770	0.99954222	0.00034700
43.37083300	0.25025180	0.99954222	0.00034700
43.40000000	0.17212440	0.99954222	0.00034700
43.42916700	0.18066960	0.99954222	0.00034700
43.46250000	0.24292730	0.99954222	0.00034700
43.50000000	0.28931550	0.99954222	0.00034700
43.53333300	0.27344580	0.99954222	0.00034700
43.56250000	0.20264290	0.99954222	0.00034700
43.58750000	0.20874660	0.99954222	0.00034700
43.61666700	0.25757620	0.99954222	0.00034700
43.64166700	0.31128880	0.99954222	0.00034700
43.66250000	0.29297770	0.99954222	0.00034700
43.67916700	0.22339550	0.99954222	0.00034700
43.70000000	0.22949920	0.99954222	0.00034700
43.71666700	0.27954950	0.99954222	0.00034700
43.74583300	0.33082060	0.99954222	0.00034700
43.77500000	0.31861320	0.99954222	0.00034700
43.79583300	0.25025180	0.99954222	0.00034700
43.82083300	0.25269330	0.99954222	0.00034700
43.84166700	0.30274360	0.99954222	0.00034700
43.86666700	0.35645620	0.99954222	0.00034700
43.89583300	0.34058660	0.99954222	0.00034700
43.92500000	0.26490070	0.99954222	0.00034700
43.95000000	0.26734210	0.99954222	0.00034700
43.97500000	0.30762660	0.99954222	0.00034700
44.00416700	0.36133920	0.99954222	0.00034700
44.03750000	0.35157320	0.99954222	0.00034700
44.06666700	0.26856290	0.99954222	0.00034700
44.10000000	0.26490070	0.99954222	0.00034700
44.12916700	0.30152290	0.99954222	0.00034700
44.16250000	0.35157320	0.99954222	0.00034700
44.19166700	0.33448290	0.99954222	0.00034700
44.22500000	0.25879700	0.99954222	0.00034700
44.25416700	0.25269330	0.99954222	0.00034700
44.28750000	0.27588730	0.99954222	0.00034700
44.31666700	0.33204140	0.99954222	0.00034700
44.34583300	0.31250950	0.99954222	0.00034700
44.37500000	0.23560290	0.99954222	0.00034700
44.40416700	0.22095400	0.99954222	0.00034700
44.43750000	0.24903100	0.99954222	0.00034700
44.47083300	0.29663990	0.99954222	0.00034700
44.50416700	0.28077030	0.99954222	0.00034700
44.53750000	0.20142220	0.99954222	0.00034700
44.56250000	0.18555250	0.99954222	0.00034700
44.58750000	0.21607100	0.99954222	0.00034700
44.61666700	0.27100440	0.99954222	0.00034700
44.64583300	0.25269330	0.99954222	0.00034700
44.67083300	0.17822810	0.99954222	0.00034700
44.69583300	0.16602070	0.99954222	0.00034700
44.72083300	0.18921480	0.99954222	0.00034700
44.74583300	0.25025180	0.99954222	0.00034700
44.77500000	0.24170660	0.99954222	0.00034700
44.80416700	0.16357920	0.99954222	0.00034700
44.82916700	0.15259250	0.99954222	0.00034700
44.85833300	0.17944880	0.99954222	0.00034700
44.88750000	0.24048590	0.99954222	0.00034700
44.92083300	0.23438220	0.99954222	0.00034700
44.95416700	0.16968290	0.99954222	0.00034700
44.98750000	0.15625480	0.99954222	0.00034700
45.02083300	0.17944880	0.99954222	0.00034700
45.05833300	0.25391400	0.99954222	0.00034700
45.09166700	0.24414810	0.99954222	0.00034700
45.12916700	0.18189030	0.99954222	0.00034700
45.16666700	0.17578660	0.99954222	0.00034700
45.20000000	0.20020140	0.99954222	0.00034700
45.23750000	0.27466660	0.99954222	0.00034700
45.27916700	0.27344580	0.99954222	0.00034700
45.31666700	0.21485030	0.99954222	0.00034700
45.35000000	0.20264290	0.99954222	0.00034700
45.38750000	0.22949920	0.99954222	0.00034700
45.42083300	0.30762660	0.99954222	0.00034700
45.45416700	0.30030210	0.99954222	0.00034700
45.49166700	0.24536880	0.99954222	0.00034700
45.52500000	0.22461620	0.99954222	0.00034700
45.56250000	0.24903100	0.99954222	0.00034700
45.59166700	0.32593770	0.99954222	0.00034700
45.62083300	0.32227550	0.99954222	0.00034700
45.65416700	0.25513470	0.99954222	0.00034700
45.68333300	0.23682360	0.99954222	0.00034700
45.71666700	0.25757620	0.99954222	0.00034700
45.75416700	0.32715840	0.99954222	0.00034700
45.79166700	0.32227550	0.99954222	0.00034700
45.82500000	0.25635550	0.99954222	0.00034700
45.85833300	0.23071990	0.99954222	0.00034700
45.89583300	0.24048590	0.99954222	0.00034700
45.93333300	0.31250950	0.99954222	0.00034700
45.96250000	0.30274360	0.99954222	0.00034700
45.99583300	0.23438220	0.99954222	0.00034700
46.02500000	0.20508440	0.99954222	0.00034700
46.05416700	0.21729180	0.99954222	0.00034700
46.07916700	0.28931550	0.99954222	0.00034700
46.10416700	0.28077030	0.99954222	0.00034700
46.13333300	0.21362960	0.99954222	0.00034700
46.15833300	0.18066960	0.99954222	0.00034700
46.18333300	0.19531850	0.99954222	0.00034700
46.20833300	0.26367990	0.99954222	0.00034700
46.23333300	0.25391400	0.99954222	0.00034700
46.25833300	0.20142220	0.99954222	0.00034700
46.28333300	0.15869620	0.99954222	0.00034700
46.30416700	0.17334510	0.99954222	0.00034700
46.32500000	0.24781030	0.99954222	0.00034700
46.34583300	0.23804440	0.99954222	0.00034700
46.37083300	0.18189030	0.99954222	0.00034700
46.39583300	0.14893030	0.99954222	0.00034700
46.42083300	0.16724140	0.99954222	0.00034700
46.44583300	0.23071990	0.99954222	0.00034700
46.47083300	0.22827850	0.99954222	0.00034700
46.49583300	0.17822810	0.99954222	0.00034700
46.51666700	0.13672290	0.99954222	0.00034700
46.53750000	0.15381330	0.99954222	0.00034700
46.55833300	0.22827850	0.99954222	0.00034700
46.58333300	0.23071990	0.99954222	0.00034700
46.60416700	0.17578660	0.99954222	0.00034700
46.62916700	0.13794370	0.99954222	0.00034700
46.65416700	0.15259250	0.99954222	0.00034700
46.67916700	0.22827850	0.99954222	0.00034700
46.70416700	0.23316140	0.99954222	0.00034700
46.72500000	0.18066960	0.99954222	0.00034700
46.74583300	0.13794370	0.99954222	0.00034700
46.76250000	0.16357920	0.99954222	0.00034700
46.78333300	0.23071990	0.99954222	0.00034700
46.80416700	0.23438220	0.99954222	0.00034700
46.82083300	0.19653920	0.99954222	0.00034700
46.83750000	0.14648880	0.99954222	0.00034700
46.85416700	0.16480000	0.99954222	0.00034700
46.87500000	0.24292730	0.99954222	0.00034700
46.90000000	0.24658960	0.99954222	0.00034700
46.92500000	0.20142220	0.99954222	0.00034700
46.95000000	0.16602070	0.99954222	0.00034700
46.98333300	0.18555250	0.99954222	0.00034700
47.01666700	0.25513470	0.99954222	0.00034700
47.05000000	0.26612140	0.99954222	0.00034700
47.08333300	0.22827850	0.99954222	0.00034700
47.12083300	0.18066960	0.99954222	0.00034700
47.15833300	0.20508440	0.99954222	0.00034700
47.19583300	0.27832880	0.99954222	0.00034700
47.23750000	0.29053620	0.99954222	0.00034700
47.27500000	0.25391400	0.99954222	0.00034700
47.31666700	0.20386360	0.99954222	0.00034700
47.35000000	0.21851250	0.99954222	0.00034700
47.39166700	0.28443250	0.99954222	0.00034700
47.42916700	0.29663990	0.99954222	0.00034700
47.47083300	0.25879700	0.99954222	0.00034700
47.50416700	0.20508440	0.99954222	0.00034700
47.54166700	0.21485030	0.99954222	0.00034700
47.57500000	0.27588730	0.99954222	0.00034700
47.60833300	0.28321180	0.99954222	0.00034700
47.63750000	0.25269330	0.99954222	0.00034700
47.66666700	0.19165620	0.99954222	0.00034700
47.69583300	0.19653920	0.99954222	0.00034700
47.72500000	0.26734210	0.99954222	0.00034700
47.75000000	0.27222510	0.99954222	0.00034700
47.77916700	0.23438220	0.99954222	0.00034700
47.79583300	0.17578660	0.99954222	0.00034700
47.81666700	0.18555250	0.99954222	0.00034700
47.83333300	0.24414810	0.99954222	0.00034700
47.84583300	0.26001770	0.99954222	0.00034700
47.86250000	0.22339550	0.99954222	0.00034700
47.87500000	0.15991700	0.99954222	0.00034700
47.88750000	0.17578660	0.99954222	0.00034700
47.89583300	0.23682360	0.99954222	0.00034700
47.90833300	0.25513470	0.99954222	0.00034700
47.92500000	0.22339550	0.99954222	0.00034700
47.94166700	0.15747550	0.99954222	0.00034700
47.96250000	0.16357920	0.99954222	0.00034700
47.98333300	0.22827850	0.99954222	0.00034700
48.00416700	0.24658960	0.99954222	0.00034700
48.02916700	0.20996730	0.99954222	0.00034700
48.05416700	0.14770960	0.99954222	0.00034700
48.08333300	0.15503400	0.99954222	0.00034700
48.11250000	0.21118810	0.99954222	0.00034700
48.14583300	0.23071990	0.99954222	0.00034700
48.17500000	0.20508440	0.99954222	0.00034700
48.21250000	0.12939850	0.99954222	0.00034700
48.24166700	0.13916440	0.99954222	0.00034700
48.26666700	0.20630510	0.99954222	0.00034700
48.29583300	0.22339550	0.99954222	0.00034700
48.32500000	0.19653920	0.99954222	0.00034700
48.35833300	0.13061920	0.99954222	0.00034700
48.39166700	0.13672290	0.99954222	0.00034700
48.42500000	0.20386360	0.99954222	0.00034700
48.45416700	0.22949920	0.99954222	0.00034700
48.48333300	0.20752590	0.99954222	0.00034700
48.51250000	0.13672290	0.99954222	0.00034700
48.54166700	0.15137180	0.99954222	0.00034700
48.57083300	0.21240880	0.99954222	0.00034700
48.59583300	0.23926510	0.99954222	0.00034700
48.62083300	0.22339550	0.99954222	0.00034700
48.65000000	0.15381330	0.99954222	0.00034700
48.68333300	0.16480000	0.99954222	0.00034700
48.71666700	0.22827850	0.99954222	0.00034700
48.74583300	0.25635550	0.99954222	0.00034700
48.77916700	0.23560290	0.99954222	0.00034700
48.81250000	0.17456590	0.99954222	0.00034700
48.84583300	0.18555250	0.99954222	0.00034700
48.87916700	0.23804440	0.99954222	0.00034700
48.90833300	0.27344580	0.99954222	0.00034700
48.94166700	0.26123840	0.99954222	0.00034700
48.97500000	0.18799400	0.99954222	0.00034700
49.01250000	0.20142220	0.99954222	0.00034700
49.05000000	0.26367990	0.99954222	0.00034700
49.08750000	0.29053620	0.99954222	0.00034700
49.12916700	0.27100440	0.99954222	0.00034700
49.17916700	0.20020140	0.99954222	0.00034700
49.23333300	0.20386360	0.99954222	0.00034700
49.28333300	0.25757620	0.99954222	0.00034700
49.33333300	0.29297770	0.99954222	0.00034700
49.38333300	0.26856290	0.99954222	0.00034700
49.42500000	0.19165620	0.99954222	0.00034700
49.46666700	0.19531850	0.99954222	0.00034700
49.49583300	0.24292730	0.99954222	0.00034700
49.52083300	0.27344580	0.99954222	0.00034700
49.53750000	0.25513470	0.99954222	0.00034700
49.55416700	0.17578660	0.99954222	0.00034700
49.56666700	0.18066960	0.99954222	0.00034700
49.57916700	0.23438220	0.99954222	0.00034700
49.59166700	0.26367990	0.99954222	0.00034700
49.60416700	0.24414810	0.99954222	0.00034700
49.61666700	0.17212440	0.99954222	0.00034700
49.62083300	0.17334510	0.99954222	0.00034700
49.62916700	0.21729180	0.99954222	0.00034700
49.63333300	0.26612140	0.99954222	0.00034700
49.63333300	0.24292730	0.99954222	0.00034700
49.63333300	0.15869620	0.99954222	0.00034700
49.63333300	0.16602070	0.99954222	0.00034700
49.62916700	0.20874660	0.99954222	0.00034700
49.62916700	0.23926510	0.99954222	0.00034700
49.62500000	0.22949920	0.99954222	0.00034700
49.62500000	0.15747550	0.99954222	0.00034700
49.62500000	0.15503400	0.99954222	0.00034700
49.62500000	0.20264290	0.99954222	0.00034700
49.62500000	0.24414810	0.99954222	0.00034700
49.62083300	0.22705770	0.99954222	0.00034700
49.62083300	0.15625480	0.99954222	0.00034700
49.62083300	0.15991700	0.99954222	0.00034700
49.62083300	0.20020140	0.99954222	0.00034700
49.62083300	0.24414810	0.99954222	0.00034700
49.62083300	0.22949920	0.99954222	0.00034700
49.62083300	0.15625480	0.99954222	0.00034700
49.62083300	0.16602070	0.99954222	0.00034700
49.62083300	0.20996730	0.99954222	0.00034700
49.62083300	0.24903100	0.99954222	0.00034700
49.62083300	0.23071990	0.99954222	0.00034700
49.62083300	0.09888000	0.99954222	0.00034700
49.61666700	0.10498370	0.99954222	0.00034700
49.61666700	0.21240880	0.99954222	0.00034700
49.61666700	0.33326210	0.99954222	0.00034700
49.61666700	0.26978360	0.99954222	0.00034700
49.61666700	0.08911400	0.99954222	0.00034700
49.61666700	0.11108740	0.99954222	0.00034700
49.61666700	0.21362960	0.99954222	0.00034700
49.61666700	0.33204140	0.99954222	0.00034700
49.61666700	0.27344580	0.99954222	0.00034700
49.61666700	0.09643850	0.99954222	0.00034700
49.61666700	0.10498370	0.99954222	0.00034700
49.61666700	0.20996730	0.99954222	0.00034700
49.61666700	0.33326210	0.99954222	0.00034700
49.61666700	0.27344580	0.99954222	0.00034700
49.61666700	0.09521770	0.99954222	0.00034700
49.61666700	0.10498370	0.99954222	0.00034700
49.61666700	0.20752590	0.99954222	0.00034700
49.61666700	0.33448290	0.99954222	0.00034700
49.61666700	0.27710810	0.99954222	0.00034700
49.61666700	0.09765920	0.99954222	0.00034700
49.61666700	0.10132150	0.99954222	0.00034700
49.61666700	0.20020140	0.99954222	0.00034700
49.61666700	0.33448290	0.99954222	0.00034700
49.61250000	0.27832880	0.99954222	0.00034700
49.61250000	0.10376290	0.99954222	0.00034700
49.61250000	0.10132150	0.99954222	0.00034700
49.61250000	0.19531850	0.99954222	0.00034700
49.61250000	0.34058660	0.99954222	0.00034700
49.61250000	0.27832880	0.99954222	0.00034700
49.61250000	0.10254220	0.99954222	0.00034700
49.61250000	0.10132150	0.99954222	0.00034700
49.61250000	0.19043550	0.99954222	0.00034700
49.61250000	0.33448290	0.99954222	0.00034700
49.61250000	0.28077030	0.99954222	0.00034700
49.61250000	0.10986660	0.99954222	0.00034700
49.61250000	0.09765920	0.99954222	0.00034700
49.61250000	0.19409770	0.99954222	0.00034700
49.61250000	0.33570360	0.99954222	0.00034700
49.61250000	0.27954950	0.99954222	0.00034700
49.61250000	0.11108740	0.99954222	0.00034700
49.61250000	0.10010070	0.99954222	0.00034700
49.61250000	0.18799400	0.99954222	0.00034700
49.61250000	0.33570360	0.99954222	0.00034700
49.61250000	0.28321180	0.99954222	0.00034700
49.61250000	0.10986660	0.99954222	0.00034700
49.61250000	0.10132150	0.99954222	0.00034700
49.61250000	0.18555250	0.99954222	0.00034700
49.61250000	0.33326210	0.99954222	0.00034700
49.61250000	0.29053620	0.99954222	0.00034700
49.61250000	0.11597030	0.99954222	0.00034700
49.61250000	0.09765920	0.99954222	0.00034700
49.61250000	0.17944880	0.99954222	0.00034700
49.61250000	0.33814510	0.99954222	0.00034700
49.61250000	0.28443250	0.99954222	0.00034700
49.61250000	0.11841180	0.99954222	0.00034700
49.61250000	0.10132150	0.99954222	0.00034700
49.61250000	0.17700740	0.99954222	0.00034700
49.61250000	0.33692430	0.99954222	0.00034700
49.61250000	0.29175700	0.99954222	0.00034700
49.61250000	0.11963260	0.99954222	0.00034700
49.61250000	0.09643850	0.99954222	0.00034700
49.61250000	0.17578660	0.99954222	0.00034700
49.61250000	0.33326210	0.99954222	0.00034700
49.61250000	0.28687400	0.99954222	0.00034700
49.60833300	0.12695700	0.99954222	0.00034700
49.60833300	0.09643850	0.99954222	0.00034700
49.60833300	0.17578660	0.99954222	0.00034700
49.60833300	0.33570360	0.99954222	0.00034700
49.60833300	0.28687400	0.99954222	0.00034700
49.60833300	0.12329480	0.99954222	0.00034700
49.60833300	0.09399700	0.99954222	0.00034700
49.60833300	0.17334510	0.99954222	0.00034700
49.60833300	0.33204140	0.99954222	0.00034700
49.60833300	0.29297770	0.99954222	0.00034700
49.60833300	0.12695700	0.99954222	0.00034700
49.60833300	0.09033480	0.99954222	0.00034700
49.60833300	0.16968290	0.99954222	0.00034700
49.60833300	0.33326210	0.99954222	0.00034700
49.60833300	0.28809470	0.99954222	0.00034700
49.60833300	0.13061920	0.99954222	0.00034700
49.60833300	0.09521770	0.99954222	0.00034700
49.60833300	0.16602070	0.99954222	0.00034700
49.60833300	0.33326210	0.99954222	0.00034700
49.60833300	0.29419840	0.99954222	0.00034700
49.60833300	0.13184000	0.99954222	0.00034700
49.60833300	0.08911400	0.99954222	0.00034700
49.60833300	0.16602070	0.99954222	0.00034700
49.60833300	0.33570360	0.99954222	0.00034700
49.60833300	0.28809470	0.99954222	0.00034700
49.60833300	0.13916440	0.99954222	0.00034700
49.60833300	0.08911400	0.99954222	0.00034700
49.60833300	0.16113770	0.99954222	0.00034700
49.60833300	0.33570360	0.99954222	0.00034700
49.60833300	0.29419840	0.99954222	0.00034700
49.60833300	0.13794370	0.99954222	0.00034700
49.60833300	0.09155550	0.99954222	0.00034700
49.60833300	0.16113770	0.99954222	0.00034700
49.60833300	0.32837920	0.99954222	0.00034700
49.60833300	0.29541920	0.99954222	0.00034700
49.60833300	0.14038510	0.99954222	0.00034700
49.60833300	0.08423110	0.99954222	0.00034700
49.60833300	0.16602070	0.99954222	0.00034700
49.60833300	0.33204140	0.99954222	0.00034700
49.60833300	0.29297770	0.99954222	0.00034700
