0.00416700	0.27466660	0.99954222	0.00034700
0.00416700	0.32959990	0.99954222	0.00034700
0.00416700	0.24781030	0.99954222	0.00034700
0.00416700	0.07690660	0.99954222	0.00034700
0.00416700	0.12573630	0.99954222	0.00034700
0.00416700	0.27466660	0.99954222	0.00034700
0.00416700	0.32227550	0.99954222	0.00034700
0.00416700	0.25025180	0.99954222	0.00034700
0.00416700	0.07690660	0.99954222	0.00034700
0.00416700	0.12207400	0.99954222	0.00034700
0.00416700	0.28077030	0.99954222	0.00034700
0.00416700	0.32471690	0.99954222	0.00034700
0.00416700	0.24414810	0.99954222	0.00034700
0.00416700	0.07568590	0.99954222	0.00034700
0.00416700	0.12695700	0.99954222	0.00034700
0.00416700	0.27344580	0.99954222	0.00034700
0.00416700	0.32593770	0.99954222	0.00034700
0.00416700	0.25269330	0.99954222	0.00034700
0.00416700	0.07080290	0.99954222	0.00034700
0.00416700	0.12329480	0.99954222	0.00034700
0.00416700	0.27710810	0.99954222	0.00034700
0.00416700	0.32715840	0.99954222	0.00034700
0.00416700	0.24414810	0.99954222	0.00034700
0.00416700	0.07812740	0.99954222	0.00034700
0.00416700	0.12573630	0.99954222	0.00034700
0.00416700	0.27344580	0.99954222	0.00034700
0.00416700	0.32593770	0.99954222	0.00034700
0.00416700	0.24658960	0.99954222	0.00034700
0.00416700	0.07568590	0.99954222	0.00034700
0.00416700	0.12695700	0.99954222	0.00034700
0.00416700	0.27466660	0.99954222	0.00034700
0.00416700	0.32227550	0.99954222	0.00034700
0.00416700	0.24658960	0.99954222	0.00034700
0.00416700	0.07324440	0.99954222	0.00034700
0.00416700	0.12085330	0.99954222	0.00034700
0.00416700	0.27954950	0.99954222	0.00034700
0.00416700	0.32349620	0.99954222	0.00034700
0.00416700	0.24170660	0.99954222	0.00034700
0.00416700	0.07568590	0.99954222	0.00034700
0.00416700	0.12573630	0.99954222	0.00034700
0.00416700	0.27344580	0.99954222	0.00034700
0.00416700	0.32227550	0.99954222	0.00034700
0.00416700	0.24658960	0.99954222	0.00034700
0.00416700	0.07202370	0.99954222	0.00034700
0.00416700	0.12573630	0.99954222	0.00034700
0.00416700	0.27344580	0.99954222	0.00034700
0.00416700	0.31739250	0.99954222	0.00034700
0.00416700	0.24170660	0.99954222	0.00034700
0.00416700	0.07812740	0.99954222	0.00034700
0.00416700	0.12573630	0.99954222	0.00034700
0.00416700	0.27100440	0.99954222	0.00034700
0.00416700	0.31739250	0.99954222	0.00034700
0.00416700	0.23804440	0.99954222	0.00034700
0.00416700	0.07934810	0.99954222	0.00034700
0.00416700	0.13184000	0.99954222	0.00034700
0.00416700	0.26367990	0.99954222	0.00034700
0.00416700	0.31250950	0.99954222	0.00034700
0.00416700	0.24048590	0.99954222	0.00034700
0.00416700	0.08911400	0.99954222	0.00034700
0.00416700	0.13184000	0.99954222	0.00034700
0.00416700	0.27100440	0.99954222	0.00034700
0.00416700	0.30640580	0.99954222	0.00034700
0.00416700	0.23682360	0.99954222	0.00034700
0.00416700	0.09765920	0.99954222	0.00034700
0.00416700	0.16602070	0.99954222	0.00034700
0.00416700	0.24781030	0.99954222	0.00034700
0.00416700	0.27588730	0.99954222	0.00034700
0.00416700	0.23071990	0.99954222	0.00034700
0.00416700	0.11719110	0.99954222	0.00034700
0.00416700	0.15625480	0.99954222	0.00034700
0.00416700	0.25391400	0.99954222	0.00034700
0.00416700	0.27832880	0.99954222	0.00034700
0.00416700	0.22827850	0.99954222	0.00034700
0.00416700	0.10620440	0.99954222	0.00034700
0.00416700	0.14893030	0.99954222	0.00034700
0.00416700	0.25391400	0.99954222	0.00034700
0.00416700	0.27710810	0.99954222	0.00034700
0.00416700	0.22705770	0.99954222	0.00034700
0.00416700	0.11841180	0.99954222	0.00034700
0.00416700	0.15625480	0.99954222	0.00034700
0.00416700	0.24292730	0.99954222	0.00034700
0.00416700	0.27344580	0.99954222	0.00034700
0.00416700	0.22583700	0.99954222	0.00034700
0.00416700	0.11841180	0.99954222	0.00034700
0.00416700	0.15747550	0.99954222	0.00034700
0.00416700	0.25757620	0.99954222	0.00034700
0.00416700	0.27344580	0.99954222	0.00034700
0.00416700	0.22583700	0.99954222	0.00034700
0.00416700	0.13672290	0.99954222	0.00034700
0.00416700	0.15869620	0.99954222	0.00034700
0.00416700	0.23926510	0.99954222	0.00034700
0.00416700	0.26734210	0.99954222	0.00034700
0.00416700	0.22339550	0.99954222	0.00034700
0.00416700	0.13550220	0.99954222	0.00034700
0.00416700	0.16235850	0.99954222	0.00034700
0.00416700	0.24170660	0.99954222	0.00034700
0.00416700	0.25757620	0.99954222	0.00034700
0.00416700	0.23071990	0.99954222	0.00034700
0.00416700	0.14282660	0.99954222	0.00034700
0.00416700	0.16357920	0.99954222	0.00034700
0.00416700	0.23682360	0.99954222	0.00034700
0.00416700	0.25879700	0.99954222	0.00034700
0.00416700	0.22339550	0.99954222	0.00034700
0.00416700	0.14038510	0.99954222	0.00034700
0.00416700	0.16480000	0.99954222	0.00034700
0.00416700	0.23316140	0.99954222	0.00034700
0.00416700	0.26123840	0.99954222	0.00034700
0.00416700	0.22461620	0.99954222	0.00034700
0.00416700	0.14282660	0.99954222	0.00034700
0.00416700	0.16357920	0.99954222	0.00034700
0.00416700	0.23560290	0.99954222	0.00034700
0.00416700	0.25391400	0.99954222	0.00034700
0.00416700	0.22461620	0.99954222	0.00034700
0.00416700	0.15259250	0.99954222	0.00034700
0.00416700	0.15991700	0.99954222	0.00034700
0.00416700	0.22827850	0.99954222	0.00034700
0.00416700	0.25879700	0.99954222	0.00034700
0.00416700	0.21851250	0.99954222	0.00034700
0.00416700	0.14038510	0.99954222	0.00034700
0.00416700	0.16113770	0.99954222	0.00034700
0.00833300	0.23194070	0.99954222	0.00034700
0.00833300	0.25513470	0.99954222	0.00034700
0.00833300	0.22217470	0.99954222	0.00034700
0.00833300	0.13672290	0.99954222	0.00034700
0.00833300	0.15625480	0.99954222	0.00034700
0.00833300	0.23316140	0.99954222	0.00034700
0.00833300	0.25635550	0.99954222	0.00034700
0.00833300	0.22095400	0.99954222	0.00034700
0.00833300	0.13672290	0.99954222	0.00034700
0.00833300	0.15381330	0.99954222	0.00034700
0.00833300	0.22827850	0.99954222	0.00034700
0.01250000	0.25391400	0.99954222	0.00034700
0.01250000	0.21607100	0.99954222	0.00034700
0.01250000	0.12817770	0.99954222	0.00034700
0.01250000	0.15625480	0.99954222	0.00034700
0.01666700	0.23071990	0.99954222	0.00034700
0.01666700	0.25025180	0.99954222	0.00034700
0.01666700	0.21607100	0.99954222	0.00034700
0.01666700	0.13306070	0.99954222	0.00034700
0.02083300	0.14770960	0.99954222	0.00034700
0.02083300	0.22583700	0.99954222	0.00034700
0.02083300	0.24903100	0.99954222	0.00034700
0.02083300	0.20996730	0.99954222	0.00034700
0.02083300	0.12207400	0.99954222	0.00034700
0.02083300	0.14893030	0.99954222	0.00034700
0.02083300	0.22827850	0.99954222	0.00034700
0.02500000	0.24781030	0.99954222	0.00034700
0.02500000	0.21240880	0.99954222	0.00034700
0.02500000	0.12329480	0.99954222	0.00034700
0.02916700	0.14282660	0.99954222	0.00034700
0.02916700	0.22217470	0.99954222	0.00034700
0.03333300	0.24414810	0.99954222	0.00034700
0.03750000	0.20996730	0.99954222	0.00034700
0.04166700	0.12817770	0.99954222	0.00034700
0.05000000	0.14648880	0.99954222	0.00034700
0.05416700	0.21485030	0.99954222	0.00034700
0.06250000	0.24414810	0.99954222	0.00034700
0.06666700	0.20508440	0.99954222	0.00034700
0.07500000	0.12451550	0.99954222	0.00034700
0.08750000	0.15137180	0.99954222	0.00034700
0.09166700	0.22095400	0.99954222	0.00034700
0.10000000	0.24170660	0.99954222	0.00034700
0.10833300	0.20996730	0.99954222	0.00034700
0.11666700	0.12695700	0.99954222	0.00034700
0.12500000	0.14038510	0.99954222	0.00034700
0.13333300	0.21973330	0.99954222	0.00034700
0.14166700	0.24781030	0.99954222	0.00034700
0.15416700	0.20264290	0.99954222	0.00034700
0.17083300	0.13184000	0.99954222	0.00034700
0.18333300	0.14770960	0.99954222	0.00034700
0.20833300	0.22095400	0.99954222	0.00034700
0.22916700	0.23926510	0.99954222	0.00034700
0.25833300	0.20996730	0.99954222	0.00034700
0.28333300	0.12939850	0.99954222	0.00034700
0.30833300	0.14282660	0.99954222	0.00034700
0.33333300	0.22095400	0.99954222	0.00034700
0.35833300	0.24048590	0.99954222	0.00034700
0.37916700	0.20386360	0.99954222	0.00034700
0.40000000	0.13061920	0.99954222	0.00034700
0.42083300	0.14038510	0.99954222	0.00034700
0.45000000	0.21118810	0.99954222	0.00034700
0.47916700	0.23682360	0.99954222	0.00034700
0.50833300	0.19653920	0.99954222	0.00034700
0.53750000	0.11719110	0.99954222	0.00034700
0.56250000	0.14282660	0.99954222	0.00034700
0.58750000	0.20752590	0.99954222	0.00034700
0.61666700	0.22339550	0.99954222	0.00034700
0.64583300	0.19409770	0.99954222	0.00034700
0.67916700	0.11597030	0.99954222	0.00034700
0.70833300	0.12451550	0.99954222	0.00034700
0.74583300	0.20020140	0.99954222	0.00034700
0.78333300	0.22217470	0.99954222	0.00034700
0.82083300	0.18066960	0.99954222	0.00034700
0.86250000	0.10742520	0.99954222	0.00034700
0.90000000	0.12329480	0.99954222	0.00034700
0.93750000	0.19043550	0.99954222	0.00034700
0.97500000	0.21485030	0.99954222	0.00034700
1.00833300	0.18066960	0.99954222	0.00034700
1.04166700	0.10864590	0.99954222	0.00034700
1.07083300	0.12329480	0.99954222	0.00034700
1.10833300	0.19898070	0.99954222	0.00034700
1.14166700	0.21851250	0.99954222	0.00034700
1.17500000	0.18311110	0.99954222	0.00034700
1.20833300	0.11230810	0.99954222	0.00034700
1.24166700	0.12817770	0.99954222	0.00034700
1.27083300	0.20630510	0.99954222	0.00034700
1.30000000	0.22827850	0.99954222	0.00034700
1.32916700	0.18799400	0.99954222	0.00034700
1.36250000	0.11841180	0.99954222	0.00034700
1.39166700	0.13916440	0.99954222	0.00034700
1.42083300	0.21118810	0.99954222	0.00034700
1.45000000	0.23316140	0.99954222	0.00034700
1.47916700	0.20386360	0.99954222	0.00034700
1.50833300	0.12695700	0.99954222	0.00034700
1.53333300	0.14038510	0.99954222	0.00034700
1.55416700	0.22095400	0.99954222	0.00034700
1.57916700	0.24170660	0.99954222	0.00034700
1.60000000	0.20142220	0.99954222	0.00034700
1.62083300	0.13550220	0.99954222	0.00034700
1.63750000	0.15015110	0.99954222	0.00034700
1.65416700	0.22339550	0.99954222	0.00034700
1.67083300	0.24536880	0.99954222	0.00034700
1.68750000	0.20630510	0.99954222	0.00034700
1.70000000	0.13306070	0.99954222	0.00034700
1.71250000	0.15381330	0.99954222	0.00034700
1.72500000	0.22705770	0.99954222	0.00034700
1.73333300	0.24414810	0.99954222	0.00034700
1.74583300	0.21118810	0.99954222	0.00034700
1.75833300	0.13672290	0.99954222	0.00034700
1.77500000	0.15137180	0.99954222	0.00034700
1.78750000	0.22705770	0.99954222	0.00034700
1.80833300	0.24536880	0.99954222	0.00034700
1.82500000	0.20630510	0.99954222	0.00034700
1.84166700	0.13428140	0.99954222	0.00034700
1.86666700	0.15381330	0.99954222	0.00034700
1.88750000	0.21973330	0.99954222	0.00034700
1.91250000	0.24292730	0.99954222	0.00034700
1.93750000	0.21118810	0.99954222	0.00034700
1.96250000	0.12939850	0.99954222	0.00034700
1.98750000	0.14770960	0.99954222	0.00034700
2.01250000	0.22339550	0.99954222	0.00034700
2.03333300	0.23682360	0.99954222	0.00034700
2.05833300	0.19653920	0.99954222	0.00034700
2.08333300	0.12695700	0.99954222	0.00034700
2.11250000	0.14160590	0.99954222	0.00034700
2.14166700	0.20874660	0.99954222	0.00034700
2.16666700	0.23071990	0.99954222	0.00034700
2.19166700	0.19043550	0.99954222	0.00034700
2.21666700	0.11352890	0.99954222	0.00034700
2.24166700	0.13550220	0.99954222	0.00034700
2.26250000	0.20386360	0.99954222	0.00034700
2.28750000	0.22217470	0.99954222	0.00034700
2.30833300	0.18066960	0.99954222	0.00034700
2.32916700	0.10986660	0.99954222	0.00034700
2.35000000	0.12085330	0.99954222	0.00034700
2.37500000	0.19775990	0.99954222	0.00034700
2.39583300	0.21485030	0.99954222	0.00034700
2.41666700	0.17090370	0.99954222	0.00034700
2.43750000	0.10254220	0.99954222	0.00034700
2.45833300	0.11719110	0.99954222	0.00034700
2.47916700	0.18921480	0.99954222	0.00034700
2.50416700	0.20508440	0.99954222	0.00034700
2.52083300	0.17334510	0.99954222	0.00034700
2.53333300	0.09765920	0.99954222	0.00034700
2.54583300	0.11719110	0.99954222	0.00034700
2.55416700	0.19165620	0.99954222	0.00034700
2.56250000	0.20142220	0.99954222	0.00034700
2.57083300	0.16724140	0.99954222	0.00034700
2.58333300	0.10132150	0.99954222	0.00034700
2.59583300	0.11597030	0.99954222	0.00034700
2.60833300	0.18555250	0.99954222	0.00034700
2.61666700	0.20630510	0.99954222	0.00034700
2.62916700	0.16480000	0.99954222	0.00034700
2.63750000	0.09521770	0.99954222	0.00034700
2.65416700	0.11474960	0.99954222	0.00034700
2.66666700	0.18921480	0.99954222	0.00034700
2.68333300	0.20386360	0.99954222	0.00034700
2.70833300	0.16602070	0.99954222	0.00034700
2.73333300	0.09765920	0.99954222	0.00034700
2.75833300	0.11474960	0.99954222	0.00034700
2.78333300	0.19165620	0.99954222	0.00034700
2.81250000	0.20630510	0.99954222	0.00034700
2.84166700	0.16968290	0.99954222	0.00034700
2.87083300	0.10254220	0.99954222	0.00034700
2.90000000	0.12329480	0.99954222	0.00034700
2.93333300	0.19775990	0.99954222	0.00034700
2.96250000	0.21485030	0.99954222	0.00034700
3.00000000	0.17822810	0.99954222	0.00034700
3.03750000	0.10986660	0.99954222	0.00034700
3.07916700	0.13061920	0.99954222	0.00034700
3.12083300	0.21240880	0.99954222	0.00034700
3.16250000	0.22461620	0.99954222	0.00034700
3.20000000	0.19287700	0.99954222	0.00034700
3.23333300	0.12695700	0.99954222	0.00034700
3.26666700	0.14893030	0.99954222	0.00034700
3.29583300	0.22339550	0.99954222	0.00034700
3.32916700	0.24414810	0.99954222	0.00034700
3.35833300	0.20264290	0.99954222	0.00034700
3.39583300	0.13184000	0.99954222	0.00034700
3.42083300	0.15991700	0.99954222	0.00034700
3.45000000	0.23194070	0.99954222	0.00034700
3.47500000	0.24781030	0.99954222	0.00034700
3.49583300	0.20874660	0.99954222	0.00034700
3.52083300	0.14282660	0.99954222	0.00034700
3.53750000	0.16235850	0.99954222	0.00034700
3.55416700	0.24048590	0.99954222	0.00034700
3.57083300	0.24903100	0.99954222	0.00034700
3.59166700	0.20752590	0.99954222	0.00034700
3.60833300	0.15015110	0.99954222	0.00034700
3.62916700	0.16113770	0.99954222	0.00034700
3.65000000	0.23438220	0.99954222	0.00034700
3.67500000	0.25147250	0.99954222	0.00034700
3.69583300	0.20752590	0.99954222	0.00034700
3.71666700	0.13306070	0.99954222	0.00034700
3.74166700	0.15625480	0.99954222	0.00034700
3.76666700	0.23560290	0.99954222	0.00034700
3.78750000	0.23926510	0.99954222	0.00034700
3.80833300	0.19775990	0.99954222	0.00034700
3.83333300	0.13672290	0.99954222	0.00034700
3.85416700	0.14893030	0.99954222	0.00034700
3.87916700	0.22583700	0.99954222	0.00034700
3.90416700	0.23438220	0.99954222	0.00034700
3.92916700	0.18799400	0.99954222	0.00034700
3.95833300	0.11963260	0.99954222	0.00034700
3.98750000	0.13672290	0.99954222	0.00034700
4.02083300	0.20996730	0.99954222	0.00034700
4.05416700	0.21729180	0.99954222	0.00034700
4.08750000	0.17578660	0.99954222	0.00034700
4.12083300	0.10864590	0.99954222	0.00034700
4.15833300	0.12695700	0.99954222	0.00034700
4.19166700	0.20508440	0.99954222	0.00034700
4.22083300	0.20996730	0.99954222	0.00034700
4.25000000	0.16480000	0.99954222	0.00034700
4.27916700	0.10864590	0.99954222	0.00034700
4.30416700	0.12329480	0.99954222	0.00034700
4.32916700	0.20020140	0.99954222	0.00034700
4.35833300	0.20874660	0.99954222	0.00034700
4.38333300	0.16480000	0.99954222	0.00034700
4.41250000	0.10132150	0.99954222	0.00034700
4.44166700	0.12085330	0.99954222	0.00034700
4.46666700	0.20508440	0.99954222	0.00034700
4.49166700	0.20752590	0.99954222	0.00034700
4.51666700	0.16724140	0.99954222	0.00034700
4.54166700	0.10498370	0.99954222	0.00034700
4.56250000	0.12207400	0.99954222	0.00034700
4.58750000	0.20752590	0.99954222	0.00034700
4.61666700	0.21485030	0.99954222	0.00034700
4.64583300	0.17212440	0.99954222	0.00034700
4.67083300	0.11474960	0.99954222	0.00034700
4.70000000	0.13672290	0.99954222	0.00034700
4.72916700	0.21485030	0.99954222	0.00034700
4.75416700	0.22827850	0.99954222	0.00034700
4.78333300	0.18311110	0.99954222	0.00034700
4.81250000	0.12695700	0.99954222	0.00034700
4.83750000	0.15503400	0.99954222	0.00034700
4.86666700	0.23194070	0.99954222	0.00034700
4.89583300	0.23804440	0.99954222	0.00034700
4.92916700	0.19653920	0.99954222	0.00034700
4.96250000	0.14282660	0.99954222	0.00034700
4.99583300	0.15991700	0.99954222	0.00034700
5.03750000	0.24170660	0.99954222	0.00034700
5.07916700	0.25513470	0.99954222	0.00034700
5.11666700	0.20508440	0.99954222	0.00034700
5.16250000	0.15137180	0.99954222	0.00034700
5.20416700	0.17700740	0.99954222	0.00034700
5.25000000	0.25513470	0.99954222	0.00034700
5.29166700	0.25879700	0.99954222	0.00034700
5.33333300	0.20996730	0.99954222	0.00034700
5.38333300	0.15625480	0.99954222	0.00034700
5.42916700	0.16724140	0.99954222	0.00034700
5.47083300	0.24414810	0.99954222	0.00034700
5.51666700	0.24781030	0.99954222	0.00034700
5.56250000	0.19531850	0.99954222	0.00034700
5.60416700	0.13794370	0.99954222	0.00034700
5.65416700	0.15625480	0.99954222	0.00034700
5.70000000	0.22461620	0.99954222	0.00034700
5.73750000	0.22827850	0.99954222	0.00034700
5.77083300	0.17700740	0.99954222	0.00034700
5.80416700	0.11719110	0.99954222	0.00034700
5.83750000	0.14160590	0.99954222	0.00034700
5.87083300	0.21362960	0.99954222	0.00034700
5.90000000	0.21485030	0.99954222	0.00034700
5.92916700	0.16602070	0.99954222	0.00034700
5.95416700	0.11230810	0.99954222	0.00034700
5.97916700	0.12939850	0.99954222	0.00034700
6.00416700	0.20508440	0.99954222	0.00034700
6.02500000	0.21729180	0.99954222	0.00034700
6.05416700	0.15625480	0.99954222	0.00034700
6.07500000	0.10742520	0.99954222	0.00034700
6.10416700	0.12817770	0.99954222	0.00034700
6.13333300	0.20752590	0.99954222	0.00034700
6.17083300	0.20996730	0.99954222	0.00034700
6.20833300	0.16602070	0.99954222	0.00034700
6.24583300	0.11352890	0.99954222	0.00034700
6.28333300	0.13550220	0.99954222	0.00034700
6.32500000	0.22217470	0.99954222	0.00034700
6.35833300	0.22827850	0.99954222	0.00034700
6.40000000	0.17456590	0.99954222	0.00034700
6.43333300	0.13184000	0.99954222	0.00034700
6.47083300	0.15869620	0.99954222	0.00034700
6.50416700	0.24292730	0.99954222	0.00034700
6.54166700	0.25025180	0.99954222	0.00034700
6.57916700	0.19653920	0.99954222	0.00034700
6.61250000	0.15137180	0.99954222	0.00034700
6.64583300	0.18066960	0.99954222	0.00034700
6.67916700	0.26001770	0.99954222	0.00034700
6.71250000	0.26123840	0.99954222	0.00034700
6.74166700	0.21729180	0.99954222	0.00034700
6.77500000	0.16846220	0.99954222	0.00034700
6.80000000	0.18799400	0.99954222	0.00034700
6.82916700	0.27222510	0.99954222	0.00034700
6.85833300	0.27588730	0.99954222	0.00034700
6.88333300	0.21485030	0.99954222	0.00034700
6.90833300	0.17090370	0.99954222	0.00034700
6.93333300	0.19653920	0.99954222	0.00034700
6.95000000	0.27466660	0.99954222	0.00034700
6.97500000	0.27466660	0.99954222	0.00034700
6.99583300	0.21973330	0.99954222	0.00034700
7.02083300	0.17578660	0.99954222	0.00034700
7.04583300	0.18921480	0.99954222	0.00034700
7.07083300	0.27344580	0.99954222	0.00034700
7.10416700	0.26856290	0.99954222	0.00034700
7.13333300	0.20874660	0.99954222	0.00034700
7.16250000	0.16480000	0.99954222	0.00034700
7.19166700	0.18066960	0.99954222	0.00034700
7.21250000	0.26245920	0.99954222	0.00034700
7.23750000	0.26001770	0.99954222	0.00034700
7.25833300	0.19775990	0.99954222	0.00034700
7.28333300	0.15137180	0.99954222	0.00034700
7.30416700	0.17334510	0.99954222	0.00034700
7.32916700	0.24781030	0.99954222	0.00034700
7.34583300	0.24536880	0.99954222	0.00034700
7.36666700	0.19165620	0.99954222	0.00034700
7.38750000	0.14038510	0.99954222	0.00034700
7.40833300	0.15869620	0.99954222	0.00034700
7.43333300	0.23682360	0.99954222	0.00034700
7.45833300	0.23316140	0.99954222	0.00034700
7.48333300	0.16846220	0.99954222	0.00034700
7.51250000	0.12573630	0.99954222	0.00034700
7.54166700	0.15259250	0.99954222	0.00034700
7.57500000	0.22095400	0.99954222	0.00034700
7.60833300	0.21973330	0.99954222	0.00034700
7.64166700	0.16113770	0.99954222	0.00034700
7.67500000	0.11719110	0.99954222	0.00034700
7.70833300	0.13672290	0.99954222	0.00034700
7.74166700	0.21973330	0.99954222	0.00034700
7.77500000	0.21973330	0.99954222	0.00034700
7.80833300	0.15869620	0.99954222	0.00034700
7.83333300	0.12451550	0.99954222	0.00034700
7.85833300	0.14648880	0.99954222	0.00034700
7.88333300	0.23194070	0.99954222	0.00034700
7.90833300	0.22949920	0.99954222	0.00034700
7.93750000	0.16602070	0.99954222	0.00034700
7.96250000	0.12817770	0.99954222	0.00034700
7.99166700	0.15747550	0.99954222	0.00034700
8.01666700	0.23926510	0.99954222	0.00034700
8.04583300	0.24292730	0.99954222	0.00034700
8.07083300	0.19043550	0.99954222	0.00034700
8.09583300	0.14770960	0.99954222	0.00034700
8.12500000	0.17212440	0.99954222	0.00034700
8.15000000	0.26367990	0.99954222	0.00034700
8.17500000	0.25635550	0.99954222	0.00034700
8.20416700	0.20142220	0.99954222	0.00034700
8.23333300	0.17334510	0.99954222	0.00034700
8.26250000	0.20020140	0.99954222	0.00034700
8.29166700	0.27466660	0.99954222	0.00034700
8.31666700	0.27832880	0.99954222	0.00034700
8.34166700	0.22217470	0.99954222	0.00034700
8.35833300	0.18433180	0.99954222	0.00034700
8.37916700	0.21240880	0.99954222	0.00034700
8.39583300	0.29663990	0.99954222	0.00034700
8.41250000	0.29541920	0.99954222	0.00034700
8.42916700	0.23438220	0.99954222	0.00034700
8.44583300	0.20020140	0.99954222	0.00034700
8.46250000	0.22217470	0.99954222	0.00034700
8.48333300	0.30640580	0.99954222	0.00034700
8.50416700	0.30640580	0.99954222	0.00034700
8.52500000	0.24048590	0.99954222	0.00034700
8.55000000	0.20752590	0.99954222	0.00034700
8.57083300	0.23194070	0.99954222	0.00034700
8.59166700	0.31250950	0.99954222	0.00034700
8.61250000	0.30640580	0.99954222	0.00034700
8.63750000	0.24048590	0.99954222	0.00034700
8.65833300	0.20752590	0.99954222	0.00034700
8.68333300	0.22827850	0.99954222	0.00034700
8.70833300	0.31373030	0.99954222	0.00034700
8.73333300	0.30030210	0.99954222	0.00034700
8.76250000	0.23438220	0.99954222	0.00034700
8.79166700	0.20508440	0.99954222	0.00034700
8.82083300	0.22461620	0.99954222	0.00034700
8.85000000	0.29419840	0.99954222	0.00034700
8.87916700	0.28809470	0.99954222	0.00034700
8.90833300	0.21485030	0.99954222	0.00034700
8.93333300	0.17822810	0.99954222	0.00034700
8.95833300	0.20020140	0.99954222	0.00034700
8.98750000	0.27344580	0.99954222	0.00034700
9.01250000	0.26856290	0.99954222	0.00034700
9.03750000	0.19531850	0.99954222	0.00034700
9.06250000	0.15991700	0.99954222	0.00034700
9.08750000	0.17700740	0.99954222	0.00034700
9.11250000	0.25269330	0.99954222	0.00034700
9.12916700	0.24781030	0.99954222	0.00034700
9.14583300	0.17700740	0.99954222	0.00034700
9.17083300	0.14526810	0.99954222	0.00034700
9.19583300	0.16602070	0.99954222	0.00034700
9.21666700	0.24292730	0.99954222	0.00034700
9.23750000	0.23438220	0.99954222	0.00034700
9.26250000	0.16602070	0.99954222	0.00034700
9.28750000	0.12695700	0.99954222	0.00034700
9.31250000	0.15015110	0.99954222	0.00034700
9.33750000	0.23682360	0.99954222	0.00034700
9.36250000	0.21973330	0.99954222	0.00034700
9.38750000	0.15015110	0.99954222	0.00034700
9.40833300	0.11963260	0.99954222	0.00034700
9.42500000	0.14282660	0.99954222	0.00034700
9.44583300	0.21607100	0.99954222	0.00034700
9.46250000	0.21485030	0.99954222	0.00034700
9.48750000	0.14648880	0.99954222	0.00034700
9.50833300	0.11474960	0.99954222	0.00034700
9.53333300	0.14160590	0.99954222	0.00034700
9.55833300	0.21607100	0.99954222	0.00034700
9.58333300	0.20996730	0.99954222	0.00034700
9.61250000	0.14526810	0.99954222	0.00034700
9.63750000	0.11719110	0.99954222	0.00034700
9.66666700	0.14526810	0.99954222	0.00034700
9.70000000	0.22827850	0.99954222	0.00034700
9.72916700	0.22217470	0.99954222	0.00034700
9.76250000	0.15625480	0.99954222	0.00034700
9.79583300	0.14282660	0.99954222	0.00034700
9.82916700	0.16602070	0.99954222	0.00034700
9.86250000	0.24903100	0.99954222	0.00034700
9.89583300	0.24903100	0.99954222	0.00034700
9.92083300	0.18677330	0.99954222	0.00034700
9.95000000	0.16235850	0.99954222	0.00034700
9.97916700	0.19287700	0.99954222	0.00034700
10.00416700	0.28443250	0.99954222	0.00034700
10.02916700	0.27344580	0.99954222	0.00034700
10.05000000	0.20874660	0.99954222	0.00034700
10.07083300	0.18677330	0.99954222	0.00034700
10.09583300	0.20996730	0.99954222	0.00034700
10.12083300	0.29419840	0.99954222	0.00034700
10.14583300	0.29297770	0.99954222	0.00034700
10.17083300	0.22949920	0.99954222	0.00034700
10.20000000	0.19898070	0.99954222	0.00034700
10.22083300	0.23316140	0.99954222	0.00034700
10.24166700	0.31128880	0.99954222	0.00034700
10.26250000	0.30396440	0.99954222	0.00034700
10.28333300	0.23804440	0.99954222	0.00034700
10.30000000	0.20874660	0.99954222	0.00034700
10.32083300	0.23438220	0.99954222	0.00034700
10.33750000	0.31495100	0.99954222	0.00034700
10.35833300	0.30884730	0.99954222	0.00034700
10.38333300	0.23438220	0.99954222	0.00034700
10.40833300	0.21118810	0.99954222	0.00034700
10.42916700	0.23804440	0.99954222	0.00034700
10.45416700	0.31373030	0.99954222	0.00034700
10.47916700	0.31006810	0.99954222	0.00034700
10.50416700	0.23560290	0.99954222	0.00034700
10.52916700	0.20508440	0.99954222	0.00034700
10.55416700	0.23071990	0.99954222	0.00034700
10.57916700	0.30640580	0.99954222	0.00034700
10.60000000	0.29297770	0.99954222	0.00034700
10.62500000	0.21973330	0.99954222	0.00034700
10.64583300	0.19775990	0.99954222	0.00034700
10.66666700	0.21362960	0.99954222	0.00034700
10.69166700	0.28687400	0.99954222	0.00034700
10.71250000	0.27588730	0.99954222	0.00034700
10.73333300	0.20508440	0.99954222	0.00034700
10.75416700	0.17456590	0.99954222	0.00034700
10.77500000	0.19775990	0.99954222	0.00034700
10.79166700	0.26734210	0.99954222	0.00034700
10.81250000	0.25391400	0.99954222	0.00034700
10.82916700	0.18555250	0.99954222	0.00034700
10.84583300	0.15747550	0.99954222	0.00034700
10.86666700	0.18799400	0.99954222	0.00034700
10.88333300	0.26123840	0.99954222	0.00034700
10.90416700	0.24536880	0.99954222	0.00034700
10.92500000	0.17212440	0.99954222	0.00034700
10.94583300	0.15259250	0.99954222	0.00034700
10.96666700	0.17700740	0.99954222	0.00034700
10.99166700	0.24903100	0.99954222	0.00034700
11.01250000	0.24170660	0.99954222	0.00034700
11.03750000	0.16724140	0.99954222	0.00034700
11.05416700	0.13794370	0.99954222	0.00034700
11.07083300	0.17578660	0.99954222	0.00034700
11.08750000	0.24903100	0.99954222	0.00034700
11.10416700	0.23438220	0.99954222	0.00034700
11.12083300	0.16480000	0.99954222	0.00034700
11.13750000	0.14770960	0.99954222	0.00034700
11.15833300	0.16724140	0.99954222	0.00034700
11.17916700	0.24903100	0.99954222	0.00034700
11.20000000	0.23438220	0.99954222	0.00034700
11.22500000	0.16235850	0.99954222	0.00034700
11.25000000	0.15015110	0.99954222	0.00034700
11.27083300	0.18311110	0.99954222	0.00034700
11.29583300	0.25635550	0.99954222	0.00034700
11.31666700	0.24536880	0.99954222	0.00034700
11.34166700	0.17944880	0.99954222	0.00034700
11.36666700	0.16480000	0.99954222	0.00034700
11.39166700	0.19531850	0.99954222	0.00034700
11.41666700	0.27710810	0.99954222	0.00034700
11.44583300	0.26734210	0.99954222	0.00034700
11.47083300	0.20752590	0.99954222	0.00034700
11.49166700	0.19653920	0.99954222	0.00034700
11.51666700	0.22583700	0.99954222	0.00034700
11.54583300	0.31006810	0.99954222	0.00034700
11.57500000	0.31495100	0.99954222	0.00034700
11.60000000	0.24536880	0.99954222	0.00034700
11.62916700	0.23438220	0.99954222	0.00034700
11.65416700	0.26734210	0.99954222	0.00034700
11.67916700	0.34546950	0.99954222	0.00034700
11.70416700	0.33936580	0.99954222	0.00034700
11.72916700	0.27588730	0.99954222	0.00034700
11.75416700	0.26490070	0.99954222	0.00034700
11.78333300	0.29175700	0.99954222	0.00034700
11.80833300	0.37110510	0.99954222	0.00034700
11.83750000	0.36988430	0.99954222	0.00034700
11.85833300	0.29786070	0.99954222	0.00034700
11.88333300	0.28931550	0.99954222	0.00034700
11.90000000	0.32105470	0.99954222	0.00034700
11.91666700	0.39185770	0.99954222	0.00034700
11.93750000	0.37842950	0.99954222	0.00034700
11.95833300	0.30884730	0.99954222	0.00034700
11.98333300	0.28687400	0.99954222	0.00034700
12.00833300	0.32227550	0.99954222	0.00034700
12.03750000	0.39063690	0.99954222	0.00034700
12.07500000	0.37110510	0.99954222	0.00034700
12.10833300	0.29908140	0.99954222	0.00034700
12.15000000	0.27832880	0.99954222	0.00034700
12.18750000	0.30152290	0.99954222	0.00034700
12.22500000	0.36378060	0.99954222	0.00034700
12.26250000	0.34913170	0.99954222	0.00034700
12.30000000	0.26245920	0.99954222	0.00034700
12.33750000	0.23194070	0.99954222	0.00034700
12.37500000	0.26367990	0.99954222	0.00034700
12.41250000	0.32593770	0.99954222	0.00034700
12.45000000	0.30152290	0.99954222	0.00034700
12.49166700	0.21973330	0.99954222	0.00034700
12.53333300	0.19409770	0.99954222	0.00034700
12.57083300	0.21729180	0.99954222	0.00034700
12.59583300	0.28443250	0.99954222	0.00034700
12.62916700	0.26978360	0.99954222	0.00034700
12.66250000	0.18555250	0.99954222	0.00034700
12.69583300	0.16968290	0.99954222	0.00034700
12.72916700	0.19531850	0.99954222	0.00034700
12.75833300	0.26367990	0.99954222	0.00034700
12.78750000	0.24903100	0.99954222	0.00034700
12.81666700	0.17334510	0.99954222	0.00034700
12.83750000	0.15625480	0.99954222	0.00034700
12.86666700	0.18799400	0.99954222	0.00034700
12.89166700	0.25879700	0.99954222	0.00034700
12.92500000	0.25025180	0.99954222	0.00034700
12.95833300	0.18433180	0.99954222	0.00034700
13.00000000	0.17090370	0.99954222	0.00034700
13.04166700	0.20630510	0.99954222	0.00034700
13.06666700	0.28687400	0.99954222	0.00034700
13.10000000	0.28199100	0.99954222	0.00034700
13.12916700	0.21362960	0.99954222	0.00034700
13.15833300	0.20386360	0.99954222	0.00034700
13.18333300	0.24658960	0.99954222	0.00034700
13.20416700	0.32227550	0.99954222	0.00034700
13.22083300	0.31617180	0.99954222	0.00034700
13.23750000	0.24903100	0.99954222	0.00034700
13.25833300	0.23926510	0.99954222	0.00034700
13.27500000	0.27344580	0.99954222	0.00034700
13.29166700	0.35279400	0.99954222	0.00034700
13.30833300	0.34180730	0.99954222	0.00034700
13.33333300	0.26856290	0.99954222	0.00034700
13.35416700	0.26734210	0.99954222	0.00034700
13.38333300	0.30640580	0.99954222	0.00034700
13.41666700	0.38575400	0.99954222	0.00034700
13.45000000	0.37965030	0.99954222	0.00034700
13.48333300	0.30884730	0.99954222	0.00034700
13.52083300	0.30274360	0.99954222	0.00034700
13.55833300	0.34302800	0.99954222	0.00034700
13.59166700	0.41261020	0.99954222	0.00034700
13.62500000	0.39796140	0.99954222	0.00034700
13.65833300	0.32837920	0.99954222	0.00034700
13.68750000	0.31861320	0.99954222	0.00034700
13.72083300	0.34546950	0.99954222	0.00034700
13.74583300	0.41383100	0.99954222	0.00034700
13.77083300	0.39429910	0.99954222	0.00034700
13.79166700	0.31739250	0.99954222	0.00034700
13.81250000	0.30152290	0.99954222	0.00034700
13.83333300	0.33570360	0.99954222	0.00034700
13.85416700	0.39429910	0.99954222	0.00034700
13.87500000	0.37842950	0.99954222	0.00034700
13.89583300	0.30152290	0.99954222	0.00034700
13.91666700	0.27588730	0.99954222	0.00034700
13.94166700	0.30762660	0.99954222	0.00034700
13.96250000	0.37476730	0.99954222	0.00034700
13.98333300	0.36011840	0.99954222	0.00034700
14.00000000	0.28077030	0.99954222	0.00034700
14.02083300	0.25879700	0.99954222	0.00034700
14.04166700	0.28199100	0.99954222	0.00034700
14.05833300	0.34424880	0.99954222	0.00034700
14.07916700	0.32715840	0.99954222	0.00034700
14.10833300	0.24048590	0.99954222	0.00034700
14.13750000	0.22095400	0.99954222	0.00034700
14.16250000	0.24536880	0.99954222	0.00034700
14.19583300	0.30274360	0.99954222	0.00034700
14.22500000	0.27588730	0.99954222	0.00034700
14.25416700	0.20020140	0.99954222	0.00034700
14.27916700	0.18066960	0.99954222	0.00034700
14.30833300	0.20996730	0.99954222	0.00034700
14.33750000	0.28321180	0.99954222	0.00034700
14.36250000	0.26123840	0.99954222	0.00034700
14.37916700	0.17944880	0.99954222	0.00034700
14.40000000	0.16968290	0.99954222	0.00034700
14.41666700	0.20020140	0.99954222	0.00034700
14.43750000	0.26490070	0.99954222	0.00034700
14.45416700	0.25635550	0.99954222	0.00034700
14.47500000	0.18189030	0.99954222	0.00034700
14.50000000	0.16113770	0.99954222	0.00034700
14.51666700	0.19898070	0.99954222	0.00034700
14.54166700	0.26856290	0.99954222	0.00034700
14.56666700	0.25635550	0.99954222	0.00034700
14.59583300	0.18555250	0.99954222	0.00034700
14.61666700	0.17944880	0.99954222	0.00034700
14.64583300	0.22217470	0.99954222	0.00034700
14.67083300	0.29663990	0.99954222	0.00034700
14.70416700	0.29419840	0.99954222	0.00034700
14.73750000	0.22461620	0.99954222	0.00034700
14.76666700	0.22827850	0.99954222	0.00034700
14.80000000	0.27954950	0.99954222	0.00034700
14.82916700	0.35645620	0.99954222	0.00034700
14.86250000	0.35889770	0.99954222	0.00034700
14.89166700	0.29419840	0.99954222	0.00034700
14.92500000	0.29663990	0.99954222	0.00034700
14.95833300	0.34913170	0.99954222	0.00034700
14.99166700	0.43702510	0.99954222	0.00034700
15.02916700	0.43214210	0.99954222	0.00034700
15.06666700	0.36500140	0.99954222	0.00034700
15.10416700	0.36988430	0.99954222	0.00034700
15.13750000	0.41871400	0.99954222	0.00034700
15.17083300	0.49806210	0.99954222	0.00034700
15.20416700	0.49928280	0.99954222	0.00034700
15.23333300	0.42603840	0.99954222	0.00034700
15.27083300	0.41383100	0.99954222	0.00034700
15.30833300	0.46021910	0.99954222	0.00034700
15.34166700	0.52247690	0.99954222	0.00034700
15.38333300	0.50294500	0.99954222	0.00034700
15.42500000	0.42481770	0.99954222	0.00034700
15.46666700	0.40894800	0.99954222	0.00034700
15.51250000	0.43580430	0.99954222	0.00034700
15.55416700	0.48951690	0.99954222	0.00034700
15.58750000	0.46510210	0.99954222	0.00034700
15.62083300	0.37110510	0.99954222	0.00034700
15.65416700	0.34791100	0.99954222	0.00034700
15.68333300	0.36255990	0.99954222	0.00034700
15.70833300	0.41016880	0.99954222	0.00034700
15.74166700	0.38819540	0.99954222	0.00034700
15.77083300	0.28809470	0.99954222	0.00034700
15.80416700	0.26490070	0.99954222	0.00034700
15.82916700	0.28687400	0.99954222	0.00034700
15.85833300	0.34791100	0.99954222	0.00034700
15.88750000	0.32105470	0.99954222	0.00034700
15.91666700	0.23071990	0.99954222	0.00034700
15.94583300	0.21362960	0.99954222	0.00034700
15.97083300	0.23438220	0.99954222	0.00034700
16.00000000	0.29297770	0.99954222	0.00034700
16.03333300	0.27100440	0.99954222	0.00034700
16.06666700	0.18921480	0.99954222	0.00034700
16.10000000	0.17090370	0.99954222	0.00034700
16.13333300	0.21118810	0.99954222	0.00034700
16.16250000	0.28199100	0.99954222	0.00034700
16.19583300	0.27222510	0.99954222	0.00034700
16.22500000	0.20874660	0.99954222	0.00034700
16.25833300	0.20508440	0.99954222	0.00034700
16.29166700	0.25391400	0.99954222	0.00034700
16.32083300	0.33692430	0.99954222	0.00034700
16.35416700	0.34180730	0.99954222	0.00034700
16.38750000	0.28321180	0.99954222	0.00034700
16.41250000	0.29297770	0.99954222	0.00034700
16.44166700	0.34913170	0.99954222	0.00034700
16.47083300	0.43580430	0.99954222	0.00034700
16.50416700	0.44434950	0.99954222	0.00034700
16.53750000	0.39307840	0.99954222	0.00034700
16.57083300	0.40894800	0.99954222	0.00034700
16.60416700	0.47364730	0.99954222	0.00034700
16.63333300	0.57130650	0.99954222	0.00034700
16.66666700	0.58107240	0.99954222	0.00034700
16.70000000	0.52980130	0.99954222	0.00034700
16.73333300	0.55299540	0.99954222	0.00034700
16.77083300	0.61037020	0.99954222	0.00034700
16.80416700	0.70558790	0.99954222	0.00034700
16.83333300	0.70925020	0.99954222	0.00034700
16.86666700	0.64821310	0.99954222	0.00034700
16.90416700	0.64333020	0.99954222	0.00034700
16.94583300	0.68117310	0.99954222	0.00034700
16.98333300	0.75685900	0.99954222	0.00034700
17.01666700	0.73854790	0.99954222	0.00034700
17.05416700	0.67018650	0.99954222	0.00034700
17.08750000	0.65797910	0.99954222	0.00034700
17.11666700	0.68605610	0.99954222	0.00034700
17.14166700	0.75441760	0.99954222	0.00034700
17.16250000	0.73488570	0.99954222	0.00034700
17.18333300	0.65309610	0.99954222	0.00034700
17.20416700	0.62746060	0.99954222	0.00034700
17.22500000	0.64455090	0.99954222	0.00034700
17.24583300	0.69338050	0.99954222	0.00034700
17.27083300	0.66774500	0.99954222	0.00034700
17.29166700	0.57374800	0.99954222	0.00034700
17.31666700	0.53102210	0.99954222	0.00034700
17.33750000	0.54567090	0.99954222	0.00034700
17.37083300	0.57863090	0.99954222	0.00034700
17.40416700	0.52735980	0.99954222	0.00034700
17.44166700	0.41993470	0.99954222	0.00034700
17.48333300	0.38331250	0.99954222	0.00034700
17.52500000	0.37720880	0.99954222	0.00034700
17.56666700	0.40650650	0.99954222	0.00034700
17.60416700	0.35889770	0.99954222	0.00034700
17.64583300	0.24781030	0.99954222	0.00034700
17.69583300	0.20142220	0.99954222	0.00034700
17.75833300	0.21729180	0.99954222	0.00034700
17.81666700	0.27710810	0.99954222	0.00034700
17.86666700	0.26123840	0.99954222	0.00034700
17.90833300	0.20264290	0.99954222	0.00034700
17.94583300	0.20508440	0.99954222	0.00034700
17.97083300	0.24903100	0.99954222	0.00034700
17.98750000	0.33570360	0.99954222	0.00034700
18.00416700	0.33326210	0.99954222	0.00034700
18.02083300	0.27222510	0.99954222	0.00034700
18.02916700	0.27100440	0.99954222	0.00034700
18.04583300	0.31617180	0.99954222	0.00034700
18.06250000	0.39796140	0.99954222	0.00034700
18.08750000	0.40650650	0.99954222	0.00034700
18.11666700	0.35767690	0.99954222	0.00034700
18.15000000	0.38453320	0.99954222	0.00034700
18.18333300	0.46754360	0.99954222	0.00034700
18.22083300	0.57252720	0.99954222	0.00034700
18.26250000	0.60548720	0.99954222	0.00034700
18.30416700	0.58717610	0.99954222	0.00034700
18.34166700	0.62746060	0.99954222	0.00034700
18.38750000	0.71169160	0.99954222	0.00034700
18.43333300	0.82522050	0.99954222	0.00034700
18.47500000	0.85573900	0.99954222	0.00034700
18.52083300	0.82522050	0.99954222	0.00034700
18.56666700	0.87038790	0.99954222	0.00034700
18.61666700	0.96682640	0.99954222	0.00034700
18.66666700	1.06448560	0.99954222	0.00034700
18.69583300	1.05471970	0.99954222	0.00034700
18.72500000	0.98513750	0.99954222	0.00034700
18.74583300	0.96560560	0.99954222	0.00034700
18.77083300	0.98635820	0.99954222	0.00034700
18.80000000	1.05227820	0.99954222	0.00034700
18.82500000	1.02542190	0.99954222	0.00034700
18.85416700	0.93874940	0.99954222	0.00034700
18.88750000	0.90823080	0.99954222	0.00034700
18.91250000	0.91799680	0.99954222	0.00034700
18.93750000	0.95828120	0.99954222	0.00034700
18.96250000	0.91799680	0.99954222	0.00034700
18.98750000	0.81179240	0.99954222	0.00034700
19.01666700	0.76540420	0.99954222	0.00034700
19.04583300	0.76540420	0.99954222	0.00034700
19.07916700	0.79470200	0.99954222	0.00034700
19.10833300	0.75197610	0.99954222	0.00034700
19.13333300	0.64821310	0.99954222	0.00034700
19.15416700	0.60548720	0.99954222	0.00034700
19.17500000	0.60914940	0.99954222	0.00034700
19.19583300	0.64455090	0.99954222	0.00034700
19.22083300	0.59327980	0.99954222	0.00034700
19.24583300	0.46632280	0.99954222	0.00034700
19.28333300	0.40894800	0.99954222	0.00034700
19.32083300	0.40040280	0.99954222	0.00034700
19.35416700	0.42970060	0.99954222	0.00034700
19.38750000	0.39063690	0.99954222	0.00034700
19.42500000	0.28931550	0.99954222	0.00034700
19.45833300	0.25757620	0.99954222	0.00034700
19.49166700	0.27710810	0.99954222	0.00034700
19.52500000	0.33814510	0.99954222	0.00034700
19.55833300	0.32837920	0.99954222	0.00034700
19.59166700	0.26001770	0.99954222	0.00034700
19.61666700	0.26367990	0.99954222	0.00034700
19.64583300	0.30884730	0.99954222	0.00034700
19.66666700	0.39429910	0.99954222	0.00034700
19.69166700	0.39796140	0.99954222	0.00034700
19.71666700	0.33936580	0.99954222	0.00034700
19.73750000	0.35035250	0.99954222	0.00034700
19.75833300	0.40772730	0.99954222	0.00034700
19.78333300	0.49806210	0.99954222	0.00034700
19.81250000	0.50904870	0.99954222	0.00034700
19.84166700	0.48341320	0.99954222	0.00034700
19.87083300	0.51881470	0.99954222	0.00034700
19.90416700	0.61037020	0.99954222	0.00034700
19.93333300	0.75197610	0.99954222	0.00034700
19.96666700	0.81301310	0.99954222	0.00034700
20.00833300	0.80690940	0.99954222	0.00034700
20.05000000	0.87527090	0.99954222	0.00034700
20.08750000	0.98025450	0.99954222	0.00034700
20.13333300	1.11209450	0.99954222	0.00034700
20.17916700	1.19388410	0.99954222	0.00034700
20.22500000	1.21951960	0.99954222	0.00034700
20.25833300	1.29276410	0.99954222	0.00034700
20.29583300	1.38309880	0.99954222	0.00034700
20.33333300	1.49418620	0.99954222	0.00034700
20.37083300	1.47709590	0.99954222	0.00034700
20.41250000	1.37455370	0.99954222	0.00034700
20.44583300	1.34769740	0.99954222	0.00034700
20.47083300	1.36356700	0.99954222	0.00034700
20.50000000	1.43070770	0.99954222	0.00034700
20.52916700	1.41483810	0.99954222	0.00034700
20.56250000	1.32206180	0.99954222	0.00034700
20.59583300	1.31229590	0.99954222	0.00034700
20.62500000	1.34037290	0.99954222	0.00034700
20.65416700	1.38065740	0.99954222	0.00034700
20.68333300	1.31839960	0.99954222	0.00034700
20.71250000	1.18533890	0.99954222	0.00034700
20.74166700	1.10354930	0.99954222	0.00034700
20.76666700	1.06448560	0.99954222	0.00034700
20.79583300	1.06570640	0.99954222	0.00034700
20.82083300	0.99490340	0.99954222	0.00034700
20.84583300	0.86794640	0.99954222	0.00034700
20.87500000	0.80080570	0.99954222	0.00034700
20.90833300	0.77517010	0.99954222	0.00034700
20.94583300	0.76174200	0.99954222	0.00034700
20.97500000	0.67506940	0.99954222	0.00034700
21.00416700	0.53102210	0.99954222	0.00034700
21.03750000	0.45167390	0.99954222	0.00034700
21.07083300	0.43214210	0.99954222	0.00034700
21.10000000	0.44679100	0.99954222	0.00034700
21.13333300	0.38941620	0.99954222	0.00034700
21.16666700	0.27466660	0.99954222	0.00034700
21.20416700	0.23438220	0.99954222	0.00034700
21.23750000	0.25635550	0.99954222	0.00034700
21.25833300	0.32959990	0.99954222	0.00034700
21.28750000	0.32227550	0.99954222	0.00034700
21.31666700	0.26123840	0.99954222	0.00034700
21.34583300	0.27710810	0.99954222	0.00034700
21.37500000	0.34791100	0.99954222	0.00034700
21.40000000	0.45655690	0.99954222	0.00034700
21.42500000	0.48707540	0.99954222	0.00034700
21.44583300	0.45655690	0.99954222	0.00034700
21.46666700	0.48707540	0.99954222	0.00034700
21.49166700	0.56276130	0.99954222	0.00034700
21.51666700	0.69704280	0.99954222	0.00034700
21.54166700	0.75807980	0.99954222	0.00034700
21.56666700	0.77394940	0.99954222	0.00034700
21.58333300	0.85818050	0.99954222	0.00034700
21.60416700	0.99856560	0.99954222	0.00034700
21.63333300	1.18900110	0.99954222	0.00034700
21.66666700	1.32938630	0.99954222	0.00034700
21.70000000	1.42948700	0.99954222	0.00034700
21.73750000	1.61137730	0.99954222	0.00034700
21.77500000	1.83721430	0.99954222	0.00034700
21.82083300	2.07281720	0.99954222	0.00034700
21.87083300	2.21808530	0.99954222	0.00034700
21.90833300	2.26325270	0.99954222	0.00034700
21.95000000	2.37067780	0.99954222	0.00034700
21.98750000	2.50618000	0.99954222	0.00034700
30.00416700	0.75807980	0.99954222	0.00034700
30.01666700	0.80324720	0.99954222	0.00034700
30.03333300	0.78493610	0.99954222	0.00034700
30.05000000	0.71291240	0.99954222	0.00034700
30.07083300	0.69826350	0.99954222	0.00034700
30.08750000	0.74098940	0.99954222	0.00034700
30.10416700	0.83620720	0.99954222	0.00034700
30.12083300	0.84719380	0.99954222	0.00034700
30.13750000	0.81667530	0.99954222	0.00034700
30.15833300	0.83376570	0.99954222	0.00034700
30.17916700	0.91067230	0.99954222	0.00034700
30.20416700	1.05227820	0.99954222	0.00034700
30.23750000	1.14749600	0.99954222	0.00034700
30.27083300	1.20242930	0.99954222	0.00034700
30.30833300	1.34403520	0.99954222	0.00034700
30.33750000	1.53447070	0.99954222	0.00034700
30.36250000	1.74687950	0.99954222	0.00034700
30.38750000	1.84209720	0.99954222	0.00034700
30.40416700	1.88482310	0.99954222	0.00034700
30.42500000	1.95562610	0.99954222	0.00034700
30.43750000	2.04474010	0.99954222	0.00034700
30.45416700	2.17535940	0.99954222	0.00034700
30.46666700	2.22052670	0.99954222	0.00034700
30.47916700	2.18756680	0.99954222	0.00034700
30.49166700	2.20465710	0.99954222	0.00034700
30.50416700	2.26935640	0.99954222	0.00034700
30.52083300	2.38654740	0.99954222	0.00034700
30.53333300	2.41462450	0.99954222	0.00034700
30.55000000	2.37678150	0.99954222	0.00034700
30.56250000	2.43171480	0.99954222	0.00034700
30.57916700	2.50618000	0.99954222	0.00034700
30.58750000	2.62703330	0.99954222	0.00034700
30.60000000	2.66609700	0.99954222	0.00034700
30.60833300	2.63313700	0.99954222	0.00034700
30.61666700	2.64534440	0.99954222	0.00034700
30.62916700	2.70393990	0.99954222	0.00034700
30.64166700	2.81380660	0.99954222	0.00034700
30.65416700	2.83089690	0.99954222	0.00034700
30.66250000	2.81136510	0.99954222	0.00034700
30.67500000	2.87118140	0.99954222	0.00034700
30.68333300	2.95419170	0.99954222	0.00034700
30.68750000	3.05063020	0.99954222	0.00034700
30.69583300	3.08236950	0.99954222	0.00034700
30.70416700	3.05795460	0.99954222	0.00034700
30.70833300	3.05551320	0.99954222	0.00034700
30.71250000	3.10800500	0.99954222	0.00034700
30.72083300	3.21054720	0.99954222	0.00034700
30.72916700	3.20200200	0.99954222	0.00034700
30.73750000	3.15073090	0.99954222	0.00034700
30.74583300	3.13974430	0.99954222	0.00034700
30.75416700	3.18369090	0.99954222	0.00034700
30.76666700	3.28745380	0.99954222	0.00034700
30.77916700	3.29111610	0.99954222	0.00034700
30.78750000	3.21176790	0.99954222	0.00034700
30.80000000	3.18613240	0.99954222	0.00034700
30.81666700	3.21054720	0.99954222	0.00034700
30.82916700	3.28379160	0.99954222	0.00034700
30.84583300	3.24228640	0.99954222	0.00034700
30.86250000	3.15439310	0.99954222	0.00034700
30.87916700	3.12753690	0.99954222	0.00034700
30.89583300	3.12387460	0.99954222	0.00034700
30.90416700	3.16415910	0.99954222	0.00034700
30.91666700	3.13974430	0.99954222	0.00034700
30.92916700	3.02865690	0.99954222	0.00034700
30.93750000	2.98226870	0.99954222	0.00034700
30.95000000	3.00424210	0.99954222	0.00034700
30.96250000	3.05917540	0.99954222	0.00034700
30.97500000	3.02011170	0.99954222	0.00034700
30.98750000	2.92855620	0.99954222	0.00034700
31.00416700	2.87850580	0.99954222	0.00034700
31.02083300	2.87972660	0.99954222	0.00034700
31.04166700	2.93588060	0.99954222	0.00034700
31.06250000	2.90902430	0.99954222	0.00034700
31.08750000	2.80770290	0.99954222	0.00034700
31.10833300	2.76131470	0.99954222	0.00034700
31.12916700	2.72957550	0.99954222	0.00034700
31.14583300	2.73689990	0.99954222	0.00034700
31.17083300	2.64168220	0.99954222	0.00034700
31.19583300	2.47810300	0.99954222	0.00034700
31.21666700	2.32184820	0.99954222	0.00034700
31.23750000	2.22663050	0.99954222	0.00034700
31.25833300	2.17902160	0.99954222	0.00034700
31.27500000	2.07037570	0.99954222	0.00034700
31.28750000	1.92754910	0.99954222	0.00034700
31.30000000	1.84209720	0.99954222	0.00034700
31.31250000	1.80059210	0.99954222	0.00034700
31.32500000	1.80425430	0.99954222	0.00034700
31.34166700	1.71880250	0.99954222	0.00034700
31.36250000	1.56132690	0.99954222	0.00034700
31.38333300	1.46855070	0.99954222	0.00034700
31.40416700	1.42582480	0.99954222	0.00034700
31.42916700	1.42460400	0.99954222	0.00034700
31.45000000	1.34525590	0.99954222	0.00034700
31.47083300	1.20975370	0.99954222	0.00034700
31.49166700	1.11819820	0.99954222	0.00034700
31.51250000	1.07425150	0.99954222	0.00034700
31.53750000	1.07913450	0.99954222	0.00034700
31.55416700	1.00100710	0.99954222	0.00034700
31.56250000	0.87893310	0.99954222	0.00034700
31.57083300	0.81423380	0.99954222	0.00034700
31.58750000	0.79103980	0.99954222	0.00034700
31.60000000	0.82033750	0.99954222	0.00034700
31.61666700	0.78127380	0.99954222	0.00034700
31.62500000	0.66896570	0.99954222	0.00034700
31.63750000	0.62257760	0.99954222	0.00034700
31.65000000	0.61769460	0.99954222	0.00034700
31.66250000	0.66408280	0.99954222	0.00034700
31.67500000	0.63356430	0.99954222	0.00034700
31.68750000	0.54200870	0.99954222	0.00034700
31.70000000	0.49439990	0.99954222	0.00034700
31.71666700	0.49684130	0.99954222	0.00034700
31.72916700	0.55909910	0.99954222	0.00034700
31.74583300	0.53102210	0.99954222	0.00034700
31.75833300	0.43824580	0.99954222	0.00034700
31.77500000	0.40406510	0.99954222	0.00034700
31.79166700	0.41383100	0.99954222	0.00034700
31.81250000	0.46998500	0.99954222	0.00034700
31.82916700	0.45289470	0.99954222	0.00034700
31.85000000	0.38331250	0.99954222	0.00034700
31.86666700	0.35401470	0.99954222	0.00034700
31.88333300	0.37842950	0.99954222	0.00034700
31.90000000	0.46632280	0.99954222	0.00034700
31.91250000	0.45777760	0.99954222	0.00034700
31.92500000	0.39796140	0.99954222	0.00034700
31.94166700	0.38697470	0.99954222	0.00034700
31.95416700	0.42359690	0.99954222	0.00034700
31.97083300	0.50782800	0.99954222	0.00034700
31.98750000	0.53102210	0.99954222	0.00034700
32.00416700	0.47853020	0.99954222	0.00034700
32.02500000	0.48585470	0.99954222	0.00034700
32.04583300	0.54322950	0.99954222	0.00034700
32.06250000	0.64210940	0.99954222	0.00034700
32.08333300	0.66164130	0.99954222	0.00034700
32.10000000	0.63478500	0.99954222	0.00034700
32.12500000	0.64821310	0.99954222	0.00034700
32.14583300	0.71047090	0.99954222	0.00034700
32.16666700	0.82644120	0.99954222	0.00034700
32.18750000	0.85085600	0.99954222	0.00034700
32.20416700	0.81545460	0.99954222	0.00034700
32.21666700	0.83010350	0.99954222	0.00034700
32.23750000	0.87893310	0.99954222	0.00034700
32.25416700	0.99368270	0.99954222	0.00034700
32.27500000	1.03152560	0.99954222	0.00034700
32.29166700	1.00344860	0.99954222	0.00034700
32.31250000	1.01809750	0.99954222	0.00034700
32.32916700	1.10110780	0.99954222	0.00034700
32.35000000	1.21951960	0.99954222	0.00034700
32.37083300	1.25370040	0.99954222	0.00034700
32.38750000	1.23416850	0.99954222	0.00034700
32.40833300	1.25003810	0.99954222	0.00034700
32.42500000	1.30253000	0.99954222	0.00034700
32.44583300	1.40751370	0.99954222	0.00034700
32.46666700	1.42582480	0.99954222	0.00034700
32.48333300	1.38798180	0.99954222	0.00034700
32.50000000	1.39408550	0.99954222	0.00034700
32.52083300	1.44657730	0.99954222	0.00034700
32.53333300	1.54301580	0.99954222	0.00034700
32.55416700	1.56620990	0.99954222	0.00034700
32.57083300	1.52836700	0.99954222	0.00034700
32.59166700	1.53202920	0.99954222	0.00034700
32.61250000	1.58696250	0.99954222	0.00034700
32.62916700	1.70049130	0.99954222	0.00034700
32.65000000	1.73100990	0.99954222	0.00034700
32.67500000	1.69194620	0.99954222	0.00034700
32.70000000	1.68828390	0.99954222	0.00034700
32.73333300	1.72002320	0.99954222	0.00034700
32.76250000	1.79937130	0.99954222	0.00034700
32.78333300	1.79204690	0.99954222	0.00034700
32.80416700	1.71758170	0.99954222	0.00034700
32.82916700	1.66508990	0.99954222	0.00034700
32.85000000	1.66264840	0.99954222	0.00034700
32.87083300	1.71758170	0.99954222	0.00034700
32.89583300	1.68706320	0.99954222	0.00034700
32.91666700	1.60161140	0.99954222	0.00034700
32.93750000	1.57109290	0.99954222	0.00034700
32.95416700	1.57353430	0.99954222	0.00034700
32.97500000	1.61870170	0.99954222	0.00034700
32.98750000	1.58330030	0.99954222	0.00034700
33.00833300	1.48075810	0.99954222	0.00034700
33.02500000	1.42338330	0.99954222	0.00034700
33.04583300	1.40629290	0.99954222	0.00034700
33.07083300	1.42948700	0.99954222	0.00034700
33.09583300	1.38676110	0.99954222	0.00034700
33.12083300	1.27811520	0.99954222	0.00034700
33.15000000	1.21219520	0.99954222	0.00034700
33.17500000	1.20609150	0.99954222	0.00034700
33.20833300	1.25003810	0.99954222	0.00034700
33.24166700	1.19632560	0.99954222	0.00034700
33.27500000	1.08767970	0.99954222	0.00034700
33.29583300	1.02175970	0.99954222	0.00034700
33.32083300	0.98513750	0.99954222	0.00034700
33.35000000	1.01321450	0.99954222	0.00034700
33.37500000	0.95950190	0.99954222	0.00034700
33.40000000	0.83864860	0.99954222	0.00034700
33.41666700	0.77150790	0.99954222	0.00034700
33.43750000	0.76052130	0.99954222	0.00034700
33.45833300	0.80813010	0.99954222	0.00034700
33.47916700	0.77028720	0.99954222	0.00034700
33.50000000	0.67629020	0.99954222	0.00034700
33.52083300	0.61525320	0.99954222	0.00034700
33.54166700	0.60304570	0.99954222	0.00034700
33.56250000	0.65919980	0.99954222	0.00034700
33.58750000	0.62501910	0.99954222	0.00034700
33.61250000	0.53224280	0.99954222	0.00034700
33.63750000	0.48707540	0.99954222	0.00034700
33.66250000	0.49439990	0.99954222	0.00034700
33.68333300	0.55787840	0.99954222	0.00034700
33.70000000	0.55299540	0.99954222	0.00034700
33.72500000	0.48829620	0.99954222	0.00034700
33.75416700	0.45777760	0.99954222	0.00034700
33.78333300	0.48829620	0.99954222	0.00034700
33.81666700	0.58229320	0.99954222	0.00034700
33.84583300	0.59450060	0.99954222	0.00034700
33.87500000	0.56154060	0.99954222	0.00034700
33.91250000	0.56642350	0.99954222	0.00034700
33.94583300	0.61647390	0.99954222	0.00034700
33.98333300	0.73732720	0.99954222	0.00034700
34.00833300	0.77272870	0.99954222	0.00034700
34.03750000	0.73732720	0.99954222	0.00034700
34.06666700	0.73732720	0.99954222	0.00034700
34.08750000	0.79470200	0.99954222	0.00034700
34.11666700	0.90578940	0.99954222	0.00034700
34.13750000	0.93020420	0.99954222	0.00034700
34.16250000	0.89114050	0.99954222	0.00034700
34.18333300	0.87649160	0.99954222	0.00034700
34.20833300	0.91189310	0.99954222	0.00034700
34.23333300	1.00466930	0.99954222	0.00034700
34.25833300	1.00955230	0.99954222	0.00034700
34.28333300	0.95828120	0.99954222	0.00034700
34.30833300	0.93630790	0.99954222	0.00034700
34.32916700	0.95950190	0.99954222	0.00034700
34.35000000	1.04373300	0.99954222	0.00034700
34.37500000	1.04861600	0.99954222	0.00034700
34.40000000	0.99002040	0.99954222	0.00034700
34.41666700	0.96316420	0.99954222	0.00034700
34.43750000	0.99246190	0.99954222	0.00034700
34.45833300	1.06448560	0.99954222	0.00034700
34.47916700	1.06692710	0.99954222	0.00034700
34.50416700	1.00100710	0.99954222	0.00034700
34.52916700	0.97293010	0.99954222	0.00034700
34.55833300	0.99612410	0.99954222	0.00034700
34.59166700	1.08401750	0.99954222	0.00034700
34.61666700	1.08767970	0.99954222	0.00034700
34.65000000	1.02298040	0.99954222	0.00034700
34.68333300	0.99124120	0.99954222	0.00034700
34.71666700	1.00589010	0.99954222	0.00034700
34.74583300	1.07547230	0.99954222	0.00034700
34.77500000	1.06570640	0.99954222	0.00034700
34.80416700	1.00711080	0.99954222	0.00034700
34.83333300	0.95461900	0.99954222	0.00034700
34.85833300	0.96682640	0.99954222	0.00034700
34.88750000	1.03640860	0.99954222	0.00034700
34.92083300	1.01687670	0.99954222	0.00034700
34.95833300	0.94607380	0.99954222	0.00034700
34.99583300	0.88747830	0.99954222	0.00034700
35.03750000	0.88503680	0.99954222	0.00034700
35.07500000	0.94241160	0.99954222	0.00034700
35.10833300	0.91799680	0.99954222	0.00034700
35.12916700	0.83620720	0.99954222	0.00034700
35.15416700	0.78127380	0.99954222	0.00034700
35.17500000	0.78981900	0.99954222	0.00034700
35.19583300	0.84841460	0.99954222	0.00034700
35.21250000	0.83376570	0.99954222	0.00034700
35.22916700	0.77272870	0.99954222	0.00034700
35.24583300	0.72878200	0.99954222	0.00034700
35.26250000	0.73976870	0.99954222	0.00034700
35.28750000	0.81789610	0.99954222	0.00034700
35.31666700	0.81179240	0.99954222	0.00034700
35.34583300	0.74465160	0.99954222	0.00034700
35.37916700	0.70314650	0.99954222	0.00034700
35.41250000	0.72267830	0.99954222	0.00034700
35.45000000	0.79592270	0.99954222	0.00034700
35.47916700	0.80080570	0.99954222	0.00034700
35.50833300	0.73976870	0.99954222	0.00034700
35.52916700	0.69338050	0.99954222	0.00034700
35.55833300	0.70925020	0.99954222	0.00034700
35.57916700	0.78615680	0.99954222	0.00034700
35.60000000	0.78371530	0.99954222	0.00034700
35.62083300	0.72878200	0.99954222	0.00034700
35.64166700	0.69338050	0.99954222	0.00034700
35.65833300	0.71291240	0.99954222	0.00034700
35.67916700	0.79836420	0.99954222	0.00034700
35.69583300	0.80446790	0.99954222	0.00034700
35.71666700	0.74831390	0.99954222	0.00034700
35.72916700	0.71047090	0.99954222	0.00034700
35.74166700	0.74343090	0.99954222	0.00034700
35.75833300	0.82277900	0.99954222	0.00034700
35.77083300	0.83010350	0.99954222	0.00034700
35.78750000	0.78981900	0.99954222	0.00034700
35.80000000	0.74953460	0.99954222	0.00034700
35.81666700	0.77394940	0.99954222	0.00034700
35.82916700	0.86306340	0.99954222	0.00034700
35.84583300	0.87649160	0.99954222	0.00034700
35.85833300	0.82155830	0.99954222	0.00034700
35.87500000	0.79103980	0.99954222	0.00034700
35.89166700	0.81667530	0.99954222	0.00034700
35.91250000	0.89724420	0.99954222	0.00034700
35.92916700	0.90945160	0.99954222	0.00034700
35.94166700	0.86672570	0.99954222	0.00034700
35.95833300	0.82277900	0.99954222	0.00034700
35.97083300	0.85085600	0.99954222	0.00034700
35.98750000	0.93752860	0.99954222	0.00034700
36.00000000	0.94363230	0.99954222	0.00034700
36.01250000	0.89724420	0.99954222	0.00034700
36.02083300	0.86062200	0.99954222	0.00034700
36.02916700	0.87893310	0.99954222	0.00034700
36.03750000	0.97048860	0.99954222	0.00034700
36.04583300	0.97415080	0.99954222	0.00034700
36.05000000	0.92043820	0.99954222	0.00034700
36.05833300	0.87527090	0.99954222	0.00034700
36.07083300	0.89846490	0.99954222	0.00034700
36.08333300	0.98025450	0.99954222	0.00034700
36.09583300	0.98513750	0.99954222	0.00034700
36.11250000	0.94607380	0.99954222	0.00034700
36.12500000	0.89846490	0.99954222	0.00034700
36.14583300	0.92043820	0.99954222	0.00034700
36.16250000	1.01199380	0.99954222	0.00034700
36.17916700	1.01809750	0.99954222	0.00034700
36.20416700	0.97293010	0.99954222	0.00034700
36.22500000	0.93264560	0.99954222	0.00034700
36.25416700	0.95339820	0.99954222	0.00034700
36.28750000	1.02908410	0.99954222	0.00034700
36.31250000	1.03274640	0.99954222	0.00034700
36.33750000	0.98635820	0.99954222	0.00034700
36.36250000	0.93020420	0.99954222	0.00034700
36.38750000	0.94729450	0.99954222	0.00034700
36.40416700	1.02420120	0.99954222	0.00034700
36.42500000	1.02542190	0.99954222	0.00034700
36.44166700	0.97537160	0.99954222	0.00034700
36.45833300	0.91067230	0.99954222	0.00034700
36.47916700	0.91311380	0.99954222	0.00034700
36.50416700	0.98025450	0.99954222	0.00034700
36.52916700	0.97048860	0.99954222	0.00034700
36.55416700	0.90212710	0.99954222	0.00034700
36.58333300	0.83376570	0.99954222	0.00034700
36.61666700	0.83132420	0.99954222	0.00034700
36.65000000	0.88015380	0.99954222	0.00034700
36.67916700	0.86062200	0.99954222	0.00034700
36.68750000	0.80080570	0.99954222	0.00034700
36.70833300	0.72023680	0.99954222	0.00034700
36.73333300	0.72756130	0.99954222	0.00034700
36.75000000	0.78859830	0.99954222	0.00034700
36.77083300	0.77639090	0.99954222	0.00034700
36.79166700	0.71779530	0.99954222	0.00034700
36.81666700	0.64333020	0.99954222	0.00034700
36.83750000	0.63478500	0.99954222	0.00034700
36.86666700	0.67873170	0.99954222	0.00034700
36.89166700	0.66896570	0.99954222	0.00034700
36.92500000	0.59083830	0.99954222	0.00034700
36.95000000	0.50782800	0.99954222	0.00034700
36.98333300	0.50294500	0.99954222	0.00034700
37.01666700	0.55055390	0.99954222	0.00034700
37.04583300	0.53224280	0.99954222	0.00034700
37.06666700	0.47364730	0.99954222	0.00034700
37.08750000	0.39674060	0.99954222	0.00034700
37.10833300	0.39674060	0.99954222	0.00034700
37.13333300	0.46021910	0.99954222	0.00034700
37.16250000	0.44923250	0.99954222	0.00034700
37.19166700	0.38453320	0.99954222	0.00034700
37.22083300	0.31250950	0.99954222	0.00034700
37.25416700	0.31250950	0.99954222	0.00034700
37.28750000	0.36378060	0.99954222	0.00034700
37.32083300	0.35767690	0.99954222	0.00034700
37.35416700	0.30640580	0.99954222	0.00034700
37.38750000	0.23071990	0.99954222	0.00034700
37.42083300	0.24781030	0.99954222	0.00034700
37.44583300	0.32593770	0.99954222	0.00034700
37.46666700	0.32959990	0.99954222	0.00034700
37.49166700	0.29053620	0.99954222	0.00034700
37.51250000	0.24170660	0.99954222	0.00034700
37.53750000	0.25879700	0.99954222	0.00034700
37.55416700	0.33814510	0.99954222	0.00034700
37.57500000	0.35767690	0.99954222	0.00034700
37.59583300	0.32105470	0.99954222	0.00034700
37.61666700	0.26245920	0.99954222	0.00034700
37.63750000	0.28931550	0.99954222	0.00034700
37.65833300	0.36988430	0.99954222	0.00034700
37.68750000	0.39429910	0.99954222	0.00034700
37.70833300	0.37110510	0.99954222	0.00034700
37.73333300	0.32105470	0.99954222	0.00034700
37.76250000	0.35645620	0.99954222	0.00034700
37.78750000	0.45045320	0.99954222	0.00034700
37.81666700	0.48585470	0.99954222	0.00034700
37.84583300	0.46632280	0.99954222	0.00034700
37.86666700	0.43824580	0.99954222	0.00034700
37.88333300	0.46876430	0.99954222	0.00034700
37.90416700	0.55543690	0.99954222	0.00034700
37.92500000	0.58961760	0.99954222	0.00034700
37.95000000	0.56520280	0.99954222	0.00034700
37.97916700	0.51393170	0.99954222	0.00034700
38.01250000	0.55909910	0.99954222	0.00034700
38.04583300	0.65431680	0.99954222	0.00034700
38.07500000	0.68849760	0.99954222	0.00034700
38.10416700	0.67995240	0.99954222	0.00034700
38.13333300	0.64455090	0.99954222	0.00034700
38.16250000	0.68483540	0.99954222	0.00034700
38.19166700	0.78981900	0.99954222	0.00034700
38.21666700	0.83010350	0.99954222	0.00034700
38.24166700	0.80813010	0.99954222	0.00034700
38.27083300	0.75441760	0.99954222	0.00034700
38.29583300	0.78859830	0.99954222	0.00034700
38.31250000	0.86428420	0.99954222	0.00034700
38.32500000	0.89846490	0.99954222	0.00034700
38.34166700	0.87282940	0.99954222	0.00034700
38.35833300	0.81789610	0.99954222	0.00034700
38.37916700	0.84597310	0.99954222	0.00034700
38.39583300	0.93142490	0.99954222	0.00034700
38.41666700	0.95461900	0.99954222	0.00034700
38.43333300	0.93630790	0.99954222	0.00034700
38.45833300	0.89358200	0.99954222	0.00034700
38.47916700	0.91677600	0.99954222	0.00034700
38.50416700	1.00100710	0.99954222	0.00034700
38.53333300	1.03396710	0.99954222	0.00034700
38.55833300	0.99612410	0.99954222	0.00034700
38.58750000	0.93752860	0.99954222	0.00034700
38.61666700	0.96194340	0.99954222	0.00034700
38.64583300	1.04373300	0.99954222	0.00034700
38.67083300	1.06814780	0.99954222	0.00034700
38.69583300	1.04129150	0.99954222	0.00034700
38.72083300	0.97293010	0.99954222	0.00034700
38.74583300	0.99612410	0.99954222	0.00034700
38.77500000	1.08279670	0.99954222	0.00034700
38.80416700	1.11453600	0.99954222	0.00034700
38.83333300	1.08279670	0.99954222	0.00034700
38.86250000	1.00589010	0.99954222	0.00034700
38.88750000	1.00833160	0.99954222	0.00034700
38.91250000	1.06936860	0.99954222	0.00034700
38.93750000	1.08279670	0.99954222	0.00034700
38.96666700	1.04739520	0.99954222	0.00034700
38.99583300	0.96804710	0.99954222	0.00034700
39.02500000	0.97537160	0.99954222	0.00034700
39.05416700	1.04739520	0.99954222	0.00034700
39.08333300	1.07669300	0.99954222	0.00034700
39.12083300	1.04495380	0.99954222	0.00034700
39.15000000	0.95950190	0.99954222	0.00034700
39.18333300	0.95095680	0.99954222	0.00034700
39.21666700	1.01443530	0.99954222	0.00034700
39.25416700	1.03640860	0.99954222	0.00034700
39.28750000	0.98635820	0.99954222	0.00034700
39.31666700	0.90578940	0.99954222	0.00034700
39.34166700	0.93508710	0.99954222	0.00034700
39.36666700	0.99978640	0.99954222	0.00034700
39.39166700	1.02664270	0.99954222	0.00034700
39.41666700	0.98879970	0.99954222	0.00034700
39.44583300	0.89846490	0.99954222	0.00034700
39.48333300	0.90823080	0.99954222	0.00034700
39.51666700	0.97659230	0.99954222	0.00034700
39.55833300	0.99612410	0.99954222	0.00034700
39.59583300	0.95828120	0.99954222	0.00034700
39.62916700	0.88747830	0.99954222	0.00034700
39.65000000	0.90823080	0.99954222	0.00034700
39.67916700	0.96316420	0.99954222	0.00034700
39.70416700	0.98391670	0.99954222	0.00034700
39.72916700	0.94729450	0.99954222	0.00034700
39.75833300	0.87038790	0.99954222	0.00034700
39.78333300	0.89114050	0.99954222	0.00034700
39.81250000	0.95095680	0.99954222	0.00034700
39.84583300	0.95828120	0.99954222	0.00034700
39.88333300	0.93142490	0.99954222	0.00034700
39.92083300	0.86306340	0.99954222	0.00034700
39.95416700	0.86916710	0.99954222	0.00034700
39.98750000	0.92532120	0.99954222	0.00034700
40.02083300	0.95461900	0.99954222	0.00034700
40.05416700	0.91799680	0.99954222	0.00034700
40.09583300	0.83254490	0.99954222	0.00034700
40.13333300	0.83620720	0.99954222	0.00034700
40.16666700	0.89724420	0.99954222	0.00034700
40.20000000	0.91799680	0.99954222	0.00034700
40.22916700	0.88259530	0.99954222	0.00034700
40.25833300	0.79226050	0.99954222	0.00034700
40.29583300	0.78127380	0.99954222	0.00034700
40.32916700	0.83864860	0.99954222	0.00034700
40.35833300	0.84719380	0.99954222	0.00034700
40.38750000	0.80568870	0.99954222	0.00034700
40.41666700	0.71901610	0.99954222	0.00034700
40.45416700	0.72511980	0.99954222	0.00034700
40.49166700	0.77394940	0.99954222	0.00034700
40.52500000	0.78371530	0.99954222	0.00034700
40.56250000	0.74098940	0.99954222	0.00034700
40.60416700	0.63722650	0.99954222	0.00034700
40.63750000	0.62379830	0.99954222	0.00034700
40.67500000	0.66530350	0.99954222	0.00034700
40.70000000	0.67384870	0.99954222	0.00034700
40.73333300	0.62501910	0.99954222	0.00034700
40.76666700	0.53102210	0.99954222	0.00034700
40.79583300	0.52003540	0.99954222	0.00034700
40.83333300	0.56276130	0.99954222	0.00034700
40.87083300	0.57985170	0.99954222	0.00034700
40.90833300	0.53224280	0.99954222	0.00034700
40.94583300	0.44190800	0.99954222	0.00034700
40.97500000	0.43946650	0.99954222	0.00034700
41.00833300	0.48463390	0.99954222	0.00034700
41.04166700	0.49806210	0.99954222	0.00034700
41.07500000	0.45899840	0.99954222	0.00034700
41.11250000	0.35889770	0.99954222	0.00034700
41.15416700	0.34913170	0.99954222	0.00034700
41.17500000	0.40406510	0.99954222	0.00034700
41.19583300	0.42359690	0.99954222	0.00034700
41.21666700	0.39185770	0.99954222	0.00034700
41.23750000	0.31250950	0.99954222	0.00034700
41.25833300	0.31250950	0.99954222	0.00034700
41.27500000	0.37110510	0.99954222	0.00034700
41.30000000	0.39551990	0.99954222	0.00034700
41.33750000	0.36622210	0.99954222	0.00034700
41.37083300	0.27344580	0.99954222	0.00034700
41.40000000	0.27954950	0.99954222	0.00034700
41.42916700	0.33204140	0.99954222	0.00034700
41.45833300	0.35767690	0.99954222	0.00034700
41.49166700	0.33936580	0.99954222	0.00034700
41.52083300	0.25513470	0.99954222	0.00034700
41.55833300	0.26123840	0.99954222	0.00034700
41.59583300	0.32715840	0.99954222	0.00034700
41.63750000	0.36133920	0.99954222	0.00034700
41.67083300	0.33570360	0.99954222	0.00034700
41.70000000	0.26001770	0.99954222	0.00034700
41.72500000	0.27222510	0.99954222	0.00034700
41.74583300	0.32959990	0.99954222	0.00034700
41.76666700	0.37110510	0.99954222	0.00034700
41.78750000	0.35279400	0.99954222	0.00034700
41.80833300	0.26856290	0.99954222	0.00034700
41.83333300	0.28077030	0.99954222	0.00034700
41.86250000	0.34791100	0.99954222	0.00034700
41.89166700	0.38941620	0.99954222	0.00034700
41.92083300	0.36622210	0.99954222	0.00034700
41.94583300	0.28809470	0.99954222	0.00034700
41.97500000	0.29663990	0.99954222	0.00034700
42.00000000	0.36255990	0.99954222	0.00034700
42.02916700	0.41016880	0.99954222	0.00034700
42.05833300	0.38453320	0.99954222	0.00034700
42.08750000	0.31250950	0.99954222	0.00034700
42.11250000	0.32471690	0.99954222	0.00034700
42.13750000	0.37720880	0.99954222	0.00034700
42.16666700	0.41627250	0.99954222	0.00034700
42.18750000	0.40772730	0.99954222	0.00034700
42.20833300	0.31861320	0.99954222	0.00034700
42.22916700	0.32349620	0.99954222	0.00034700
42.25416700	0.38331250	0.99954222	0.00034700
42.28333300	0.42359690	0.99954222	0.00034700
42.30833300	0.39918210	0.99954222	0.00034700
42.33750000	0.32227550	0.99954222	0.00034700
42.36666700	0.32959990	0.99954222	0.00034700
42.40000000	0.37598800	0.99954222	0.00034700
42.41666700	0.42237620	0.99954222	0.00034700
42.44166700	0.39674060	0.99954222	0.00034700
42.47083300	0.31250950	0.99954222	0.00034700
42.50416700	0.32227550	0.99954222	0.00034700
42.53750000	0.37232580	0.99954222	0.00034700
42.58333300	0.41138950	0.99954222	0.00034700
42.62500000	0.38453320	0.99954222	0.00034700
42.67083300	0.29663990	0.99954222	0.00034700
42.69583300	0.29297770	0.99954222	0.00034700
42.73750000	0.34180730	0.99954222	0.00034700
42.77083300	0.38819540	0.99954222	0.00034700
42.80833300	0.35523550	0.99954222	0.00034700
42.83750000	0.26734210	0.99954222	0.00034700
42.86666700	0.26856290	0.99954222	0.00034700
42.89583300	0.30640580	0.99954222	0.00034700
42.92916700	0.34669030	0.99954222	0.00034700
42.95833300	0.32227550	0.99954222	0.00034700
43.00000000	0.23438220	0.99954222	0.00034700
43.03750000	0.23438220	0.99954222	0.00034700
43.07916700	0.28077030	0.99954222	0.00034700
43.11666700	0.31739250	0.99954222	0.00034700
43.14166700	0.28687400	0.99954222	0.00034700
43.16666700	0.20874660	0.99954222	0.00034700
43.18750000	0.20874660	0.99954222	0.00034700
43.21250000	0.25025180	0.99954222	0.00034700
43.23333300	0.30274360	0.99954222	0.00034700
43.25000000	0.27832880	0.99954222	0.00034700
43.26666700	0.19043550	0.99954222	0.00034700
43.28333300	0.19653920	0.99954222	0.00034700
43.30416700	0.23926510	0.99954222	0.00034700
43.32083300	0.28687400	0.99954222	0.00034700
43.33750000	0.26490070	0.99954222	0.00034700
43.35833300	0.18311110	0.99954222	0.00034700
43.37916700	0.17578660	0.99954222	0.00034700
43.39583300	0.22217470	0.99954222	0.00034700
43.41666700	0.27344580	0.99954222	0.00034700
43.43750000	0.25025180	0.99954222	0.00034700
43.45833300	0.17456590	0.99954222	0.00034700
43.47500000	0.17090370	0.99954222	0.00034700
43.49166700	0.21118810	0.99954222	0.00034700
43.51250000	0.26367990	0.99954222	0.00034700
43.52500000	0.24536880	0.99954222	0.00034700
43.54166700	0.16357920	0.99954222	0.00034700
43.55416700	0.16235850	0.99954222	0.00034700
43.57083300	0.21240880	0.99954222	0.00034700
43.58333300	0.25757620	0.99954222	0.00034700
43.60000000	0.24048590	0.99954222	0.00034700
43.61666700	0.16357920	0.99954222	0.00034700
43.63333300	0.16113770	0.99954222	0.00034700
43.65000000	0.20508440	0.99954222	0.00034700
43.66666700	0.26367990	0.99954222	0.00034700
43.68333300	0.24536880	0.99954222	0.00034700
43.70000000	0.16113770	0.99954222	0.00034700
43.71250000	0.17090370	0.99954222	0.00034700
43.72916700	0.20874660	0.99954222	0.00034700
43.74583300	0.26123840	0.99954222	0.00034700
43.75833300	0.25025180	0.99954222	0.00034700
43.77916700	0.16846220	0.99954222	0.00034700
43.79166700	0.16724140	0.99954222	0.00034700
43.80833300	0.20996730	0.99954222	0.00034700
43.83333300	0.26978360	0.99954222	0.00034700
43.85416700	0.25269330	0.99954222	0.00034700
43.87500000	0.18066960	0.99954222	0.00034700
43.89583300	0.17700740	0.99954222	0.00034700
43.92083300	0.21362960	0.99954222	0.00034700
43.94583300	0.28077030	0.99954222	0.00034700
43.97083300	0.26856290	0.99954222	0.00034700
44.00000000	0.19043550	0.99954222	0.00034700
44.02916700	0.19165620	0.99954222	0.00034700
44.05416700	0.24170660	0.99954222	0.00034700
44.07500000	0.29419840	0.99954222	0.00034700
44.10000000	0.28687400	0.99954222	0.00034700
44.12500000	0.21485030	0.99954222	0.00034700
44.15416700	0.20752590	0.99954222	0.00034700
44.18333300	0.24903100	0.99954222	0.00034700
44.21250000	0.32227550	0.99954222	0.00034700
44.24166700	0.30518510	0.99954222	0.00034700
44.26666700	0.22827850	0.99954222	0.00034700
44.28750000	0.23071990	0.99954222	0.00034700
44.31250000	0.26367990	0.99954222	0.00034700
44.34166700	0.32593770	0.99954222	0.00034700
44.36666700	0.32227550	0.99954222	0.00034700
44.40000000	0.24414810	0.99954222	0.00034700
44.42916700	0.23560290	0.99954222	0.00034700
44.46666700	0.27710810	0.99954222	0.00034700
44.50416700	0.34424880	0.99954222	0.00034700
44.53750000	0.32593770	0.99954222	0.00034700
44.56666700	0.25269330	0.99954222	0.00034700
44.59166700	0.24781030	0.99954222	0.00034700
44.61666700	0.27954950	0.99954222	0.00034700
44.65000000	0.34913170	0.99954222	0.00034700
44.67916700	0.33082060	0.99954222	0.00034700
44.70833300	0.25269330	0.99954222	0.00034700
44.73750000	0.24536880	0.99954222	0.00034700
44.76250000	0.27710810	0.99954222	0.00034700
44.79583300	0.34058660	0.99954222	0.00034700
44.82500000	0.32471690	0.99954222	0.00034700
44.85833300	0.25269330	0.99954222	0.00034700
44.89166700	0.23560290	0.99954222	0.00034700
44.92916700	0.26490070	0.99954222	0.00034700
44.96666700	0.33204140	0.99954222	0.00034700
45.00416700	0.31739250	0.99954222	0.00034700
45.04166700	0.23560290	0.99954222	0.00034700
45.07500000	0.22461620	0.99954222	0.00034700
45.10833300	0.24536880	0.99954222	0.00034700
45.12916700	0.31617180	0.99954222	0.00034700
45.15833300	0.30518510	0.99954222	0.00034700
45.18333300	0.22339550	0.99954222	0.00034700
45.20833300	0.20630510	0.99954222	0.00034700
45.23333300	0.23560290	0.99954222	0.00034700
45.25416700	0.29663990	0.99954222	0.00034700
45.27916700	0.28321180	0.99954222	0.00034700
45.30000000	0.21118810	0.99954222	0.00034700
45.32500000	0.18921480	0.99954222	0.00034700
45.35000000	0.21485030	0.99954222	0.00034700
45.37916700	0.28687400	0.99954222	0.00034700
45.40416700	0.26612140	0.99954222	0.00034700
45.43750000	0.19165620	0.99954222	0.00034700
45.47083300	0.17578660	0.99954222	0.00034700
45.50000000	0.19775990	0.99954222	0.00034700
45.52083300	0.26123840	0.99954222	0.00034700
45.55000000	0.25391400	0.99954222	0.00034700
45.57916700	0.18189030	0.99954222	0.00034700
45.60416700	0.15625480	0.99954222	0.00034700
45.63333300	0.18677330	0.99954222	0.00034700
45.66666700	0.26001770	0.99954222	0.00034700
45.70000000	0.24781030	0.99954222	0.00034700
45.73333300	0.17822810	0.99954222	0.00034700
45.76666700	0.16235850	0.99954222	0.00034700
45.80000000	0.18677330	0.99954222	0.00034700
45.82916700	0.25757620	0.99954222	0.00034700
45.86250000	0.25269330	0.99954222	0.00034700
45.89583300	0.17212440	0.99954222	0.00034700
45.92916700	0.15625480	0.99954222	0.00034700
45.96666700	0.19165620	0.99954222	0.00034700
46.00000000	0.25635550	0.99954222	0.00034700
46.03750000	0.24781030	0.99954222	0.00034700
46.07083300	0.18189030	0.99954222	0.00034700
46.10833300	0.16113770	0.99954222	0.00034700
46.14166700	0.18555250	0.99954222	0.00034700
46.17500000	0.26734210	0.99954222	0.00034700
46.20833300	0.25513470	0.99954222	0.00034700
46.23750000	0.18677330	0.99954222	0.00034700
46.27083300	0.17090370	0.99954222	0.00034700
46.30416700	0.19653920	0.99954222	0.00034700
46.33750000	0.27222510	0.99954222	0.00034700
46.36666700	0.27344580	0.99954222	0.00034700
46.40000000	0.20508440	0.99954222	0.00034700
46.43750000	0.17822810	0.99954222	0.00034700
46.47916700	0.21362960	0.99954222	0.00034700
46.51666700	0.29053620	0.99954222	0.00034700
46.55416700	0.27832880	0.99954222	0.00034700
46.59166700	0.21973330	0.99954222	0.00034700
46.62916700	0.19653920	0.99954222	0.00034700
46.67083300	0.22217470	0.99954222	0.00034700
46.70416700	0.29786070	0.99954222	0.00034700
46.73333300	0.29175700	0.99954222	0.00034700
46.75416700	0.22095400	0.99954222	0.00034700
46.77500000	0.19653920	0.99954222	0.00034700
46.80000000	0.22827850	0.99954222	0.00034700
46.82083300	0.30152290	0.99954222	0.00034700
46.84583300	0.30030210	0.99954222	0.00034700
46.87083300	0.23194070	0.99954222	0.00034700
46.89583300	0.20020140	0.99954222	0.00034700
46.92500000	0.22461620	0.99954222	0.00034700
46.95416700	0.30884730	0.99954222	0.00034700
46.98333300	0.29419840	0.99954222	0.00034700
47.01250000	0.22705770	0.99954222	0.00034700
47.03750000	0.20630510	0.99954222	0.00034700
47.07083300	0.22339550	0.99954222	0.00034700
47.09166700	0.29541920	0.99954222	0.00034700
47.12083300	0.29175700	0.99954222	0.00034700
47.15000000	0.21729180	0.99954222	0.00034700
47.18750000	0.19043550	0.99954222	0.00034700
47.22083300	0.21485030	0.99954222	0.00034700
47.25416700	0.28931550	0.99954222	0.00034700
47.28333300	0.27344580	0.99954222	0.00034700
47.31666700	0.21118810	0.99954222	0.00034700
47.35833300	0.18189030	0.99954222	0.00034700
47.40000000	0.19775990	0.99954222	0.00034700
47.44583300	0.27466660	0.99954222	0.00034700
47.49166700	0.26367990	0.99954222	0.00034700
47.52500000	0.19531850	0.99954222	0.00034700
47.55833300	0.16602070	0.99954222	0.00034700
47.60000000	0.18799400	0.99954222	0.00034700
47.63333300	0.25879700	0.99954222	0.00034700
47.67083300	0.25635550	0.99954222	0.00034700
47.70833300	0.19043550	0.99954222	0.00034700
47.74166700	0.15381330	0.99954222	0.00034700
47.77916700	0.17578660	0.99954222	0.00034700
47.81250000	0.25147250	0.99954222	0.00034700
47.84583300	0.24414810	0.99954222	0.00034700
47.87916700	0.17822810	0.99954222	0.00034700
47.91666700	0.15625480	0.99954222	0.00034700
47.95000000	0.16724140	0.99954222	0.00034700
47.98750000	0.24292730	0.99954222	0.00034700
48.02500000	0.24536880	0.99954222	0.00034700
48.05833300	0.17578660	0.99954222	0.00034700
48.09583300	0.14404740	0.99954222	0.00034700
48.13333300	0.17090370	0.99954222	0.00034700
48.17083300	0.24903100	0.99954222	0.00034700
48.20833300	0.23926510	0.99954222	0.00034700
48.24166700	0.18555250	0.99954222	0.00034700
48.26666700	0.15137180	0.99954222	0.00034700
48.29166700	0.16846220	0.99954222	0.00034700
48.31666700	0.25269330	0.99954222	0.00034700
48.34166700	0.24781030	0.99954222	0.00034700
48.37083300	0.18677330	0.99954222	0.00034700
48.39583300	0.15625480	0.99954222	0.00034700
48.42500000	0.17578660	0.99954222	0.00034700
48.45833300	0.25269330	0.99954222	0.00034700
48.48750000	0.25513470	0.99954222	0.00034700
48.52083300	0.19531850	0.99954222	0.00034700
48.55416700	0.15625480	0.99954222	0.00034700
48.58750000	0.18555250	0.99954222	0.00034700
48.61250000	0.26367990	0.99954222	0.00034700
48.64166700	0.25513470	0.99954222	0.00034700
48.67083300	0.20508440	0.99954222	0.00034700
48.70000000	0.16968290	0.99954222	0.00034700
48.72500000	0.18555250	0.99954222	0.00034700
48.75416700	0.26612140	0.99954222	0.00034700
48.77916700	0.26978360	0.99954222	0.00034700
48.81250000	0.20630510	0.99954222	0.00034700
48.84583300	0.16846220	0.99954222	0.00034700
48.87916700	0.19531850	0.99954222	0.00034700
48.92500000	0.27100440	0.99954222	0.00034700
48.95000000	0.26367990	0.99954222	0.00034700
48.98750000	0.21485030	0.99954222	0.00034700
49.02083300	0.17212440	0.99954222	0.00034700
49.05416700	0.19043550	0.99954222	0.00034700
49.08333300	0.27344580	0.99954222	0.00034700
49.11666700	0.26856290	0.99954222	0.00034700
49.15000000	0.21362960	0.99954222	0.00034700
49.18333300	0.17578660	0.99954222	0.00034700
49.21666700	0.18799400	0.99954222	0.00034700
49.25000000	0.26612140	0.99954222	0.00034700
49.28333300	0.27344580	0.99954222	0.00034700
49.31666700	0.21485030	0.99954222	0.00034700
49.34583300	0.16846220	0.99954222	0.00034700
49.37500000	0.19531850	0.99954222	0.00034700
49.40416700	0.26490070	0.99954222	0.00034700
49.43750000	0.26123840	0.99954222	0.00034700
49.47083300	0.21485030	0.99954222	0.00034700
49.50833300	0.16480000	0.99954222	0.00034700
49.54583300	0.17944880	0.99954222	0.00034700
49.58750000	0.26001770	0.99954222	0.00034700
49.62083300	0.26612140	0.99954222	0.00034700
49.65416700	0.20508440	0.99954222	0.00034700
49.68750000	0.15869620	0.99954222	0.00034700
49.71666700	0.17944880	0.99954222	0.00034700
49.75000000	0.25147250	0.99954222	0.00034700
49.77916700	0.25635550	0.99954222	0.00034700
49.80833300	0.20752590	0.99954222	0.00034700
49.83750000	0.15503400	0.99954222	0.00034700
49.86666700	0.17212440	0.99954222	0.00034700
49.89166700	0.25147250	0.99954222	0.00034700
49.91666700	0.25147250	0.99954222	0.00034700
49.94166700	0.20142220	0.99954222	0.00034700
49.96666700	0.15381330	0.99954222	0.00034700
49.99166700	0.16480000	0.99954222	0.00034700
50.01666700	0.23926510	0.99954222	0.00034700
50.03750000	0.25025180	0.99954222	0.00034700
50.06250000	0.19775990	0.99954222	0.00034700
50.08333300	0.14038510	0.99954222	0.00034700
50.10833300	0.16846220	0.99954222	0.00034700
50.13333300	0.23804440	0.99954222	0.00034700
50.15833300	0.23926510	0.99954222	0.00034700
50.18750000	0.19775990	0.99954222	0.00034700
50.20416700	0.14038510	0.99954222	0.00034700
50.22916700	0.15869620	0.99954222	0.00034700
50.25416700	0.23682360	0.99954222	0.00034700
50.28333300	0.24414810	0.99954222	0.00034700
50.30833300	0.19531850	0.99954222	0.00034700
50.33750000	0.13794370	0.99954222	0.00034700
50.36666700	0.15869620	0.99954222	0.00034700
50.39583300	0.22705770	0.99954222	0.00034700
50.42500000	0.24292730	0.99954222	0.00034700
50.45416700	0.20020140	0.99954222	0.00034700
50.47916700	0.13794370	0.99954222	0.00034700
50.50000000	0.15625480	0.99954222	0.00034700
50.52500000	0.23560290	0.99954222	0.00034700
50.54583300	0.24048590	0.99954222	0.00034700
50.56666700	0.19898070	0.99954222	0.00034700
50.58750000	0.14160590	0.99954222	0.00034700
50.60416700	0.15625480	0.99954222	0.00034700
50.62500000	0.23194070	0.99954222	0.00034700
50.64166700	0.24414810	0.99954222	0.00034700
50.65416700	0.20142220	0.99954222	0.00034700
50.67083300	0.13550220	0.99954222	0.00034700
50.69166700	0.16113770	0.99954222	0.00034700
50.70416700	0.23071990	0.99954222	0.00034700
50.72916700	0.24048590	0.99954222	0.00034700
50.74166700	0.20508440	0.99954222	0.00034700
50.76250000	0.13794370	0.99954222	0.00034700
50.78333300	0.15625480	0.99954222	0.00034700
50.80000000	0.23316140	0.99954222	0.00034700
50.81666700	0.24536880	0.99954222	0.00034700
50.83333300	0.20264290	0.99954222	0.00034700
50.85000000	0.14160590	0.99954222	0.00034700
50.86666700	0.15625480	0.99954222	0.00034700
50.88750000	0.22705770	0.99954222	0.00034700
50.90833300	0.24781030	0.99954222	0.00034700
50.92500000	0.20874660	0.99954222	0.00034700
50.94583300	0.14038510	0.99954222	0.00034700
50.96666700	0.15869620	0.99954222	0.00034700
50.98750000	0.23071990	0.99954222	0.00034700
51.00833300	0.24414810	0.99954222	0.00034700
51.02500000	0.20996730	0.99954222	0.00034700
51.04583300	0.14160590	0.99954222	0.00034700
51.05833300	0.15625480	0.99954222	0.00034700
51.07083300	0.23194070	0.99954222	0.00034700
51.07500000	0.24903100	0.99954222	0.00034700
51.07500000	0.21240880	0.99954222	0.00034700
51.07083300	0.14893030	0.99954222	0.00034700
51.07083300	0.16602070	0.99954222	0.00034700
51.06666700	0.23316140	0.99954222	0.00034700
51.06666700	0.25391400	0.99954222	0.00034700
51.06666700	0.22705770	0.99954222	0.00034700
51.06250000	0.15259250	0.99954222	0.00034700
51.06250000	0.16602070	0.99954222	0.00034700
51.06250000	0.23926510	0.99954222	0.00034700
51.05833300	0.25391400	0.99954222	0.00034700
51.05833300	0.21851250	0.99954222	0.00034700
51.05833300	0.16113770	0.99954222	0.00034700
51.05833300	0.17212440	0.99954222	0.00034700
51.05833300	0.23438220	0.99954222	0.00034700
51.05833300	0.25635550	0.99954222	0.00034700
51.05833300	0.22339550	0.99954222	0.00034700
51.05833300	0.15625480	0.99954222	0.00034700
51.05833300	0.17090370	0.99954222	0.00034700
51.05416700	0.23438220	0.99954222	0.00034700
51.05416700	0.25513470	0.99954222	0.00034700
51.05416700	0.23071990	0.99954222	0.00034700
51.05416700	0.16113770	0.99954222	0.00034700
51.05416700	0.16968290	0.99954222	0.00034700
51.05416700	0.24048590	0.99954222	0.00034700
51.05416700	0.26123840	0.99954222	0.00034700
51.05416700	0.23438220	0.99954222	0.00034700
51.05416700	0.16724140	0.99954222	0.00034700
51.05416700	0.18311110	0.99954222	0.00034700
51.05416700	0.24048590	0.99954222	0.00034700
51.05416700	0.26856290	0.99954222	0.00034700
51.05416700	0.24414810	0.99954222	0.00034700
51.05416700	0.16968290	0.99954222	0.00034700
51.05416700	0.18066960	0.99954222	0.00034700
51.05416700	0.24536880	0.99954222	0.00034700
51.05416700	0.26490070	0.99954222	0.00034700
51.05416700	0.24048590	0.99954222	0.00034700
51.05000000	0.18189030	0.99954222	0.00034700
51.05000000	0.18555250	0.99954222	0.00034700
51.05000000	0.23926510	0.99954222	0.00034700
51.05000000	0.26978360	0.99954222	0.00034700
51.05000000	0.24414810	0.99954222	0.00034700
51.05000000	0.17578660	0.99954222	0.00034700
51.05000000	0.18921480	0.99954222	0.00034700
51.05000000	0.23926510	0.99954222	0.00034700
51.05000000	0.26490070	0.99954222	0.00034700
51.05000000	0.25147250	0.99954222	0.00034700
51.05000000	0.18066960	0.99954222	0.00034700
51.05000000	0.18066960	0.99954222	0.00034700
51.05000000	0.27344580	0.99954222	0.00034700
51.05000000	0.32837920	0.99954222	0.00034700
51.05000000	0.26734210	0.99954222	0.00034700
51.05000000	0.11597030	0.99954222	0.00034700
51.05000000	0.14770960	0.99954222	0.00034700
51.05000000	0.25879700	0.99954222	0.00034700
51.05000000	0.33082060	0.99954222	0.00034700
51.05000000	0.26978360	0.99954222	0.00034700
51.05000000	0.10620440	0.99954222	0.00034700
51.05000000	0.14160590	0.99954222	0.00034700
51.05000000	0.26490070	0.99954222	0.00034700
51.05000000	0.32593770	0.99954222	0.00034700
51.05000000	0.26856290	0.99954222	0.00034700
51.05000000	0.11230810	0.99954222	0.00034700
51.05000000	0.13794370	0.99954222	0.00034700
51.05000000	0.25269330	0.99954222	0.00034700
51.05000000	0.33204140	0.99954222	0.00034700
51.05000000	0.26612140	0.99954222	0.00034700
51.05000000	0.10742520	0.99954222	0.00034700
51.05000000	0.14160590	0.99954222	0.00034700
51.05000000	0.24903100	0.99954222	0.00034700
51.05000000	0.26367990	0.99954222	0.00034700
51.05000000	0.25025180	0.99954222	0.00034700
51.05000000	0.17578660	0.99954222	0.00034700
51.05000000	0.18066960	0.99954222	0.00034700
51.05000000	0.23194070	0.99954222	0.00034700
51.04583300	0.26123840	0.99954222	0.00034700
51.04583300	0.24292730	0.99954222	0.00034700
51.04583300	0.18677330	0.99954222	0.00034700
51.04583300	0.18066960	0.99954222	0.00034700
51.04583300	0.21973330	0.99954222	0.00034700
51.04583300	0.26367990	0.99954222	0.00034700
51.04583300	0.24781030	0.99954222	0.00034700
51.04583300	0.17578660	0.99954222	0.00034700
51.04583300	0.18555250	0.99954222	0.00034700
51.04583300	0.22949920	0.99954222	0.00034700
51.04583300	0.25879700	0.99954222	0.00034700
51.04583300	0.24781030	0.99954222	0.00034700
51.04583300	0.18311110	0.99954222	0.00034700
51.04583300	0.17700740	0.99954222	0.00034700
51.04583300	0.21973330	0.99954222	0.00034700
51.04583300	0.26123840	0.99954222	0.00034700
51.04583300	0.24536880	0.99954222	0.00034700
51.04583300	0.18066960	0.99954222	0.00034700
51.04583300	0.18433180	0.99954222	0.00034700
51.04583300	0.21607100	0.99954222	0.00034700
51.04583300	0.25513470	0.99954222	0.00034700
51.04583300	0.24781030	0.99954222	0.00034700
51.04583300	0.18066960	0.99954222	0.00034700
51.04583300	0.18311110	0.99954222	0.00034700
51.04583300	0.21851250	0.99954222	0.00034700
51.04583300	0.25635550	0.99954222	0.00034700
51.04583300	0.24292730	0.99954222	0.00034700
51.04583300	0.18921480	0.99954222	0.00034700
51.04583300	0.18189030	0.99954222	0.00034700
51.04583300	0.21240880	0.99954222	0.00034700
51.04583300	0.25879700	0.99954222	0.00034700
51.04583300	0.24536880	0.99954222	0.00034700
51.04583300	0.17944880	0.99954222	0.00034700
51.04583300	0.18433180	0.99954222	0.00034700
51.04583300	0.21607100	0.99954222	0.00034700
51.04583300	0.25391400	0.99954222	0.00034700
51.04583300	0.25025180	0.99954222	0.00034700
51.04583300	0.18555250	0.99954222	0.00034700
51.04583300	0.17700740	0.99954222	0.00034700
51.04583300	0.21118810	0.99954222	0.00034700
51.04583300	0.25879700	0.99954222	0.00034700
51.04583300	0.24658960	0.99954222	0.00034700
51.04583300	0.18799400	0.99954222	0.00034700
51.04583300	0.18433180	0.99954222	0.00034700
51.04583300	0.20752590	0.99954222	0.00034700
51.04583300	0.25757620	0.99954222	0.00034700
51.04583300	0.25025180	0.99954222	0.00034700
51.04583300	0.18311110	0.99954222	0.00034700
51.04583300	0.18433180	0.99954222	0.00034700
51.04583300	0.21118810	0.99954222	0.00034700
51.04583300	0.25391400	0.99954222	0.00034700
51.04583300	0.24536880	0.99954222	0.00034700
