20.0166670	0.2929777	0.8594012	0.0003470
20.0375000	0.2929777	0.8594012	0.0003470
20.0625000	0.2929777	0.8594012	0.0003470
20.0916670	0.2929777	0.8594012	0.0003470
20.1125000	0.3051851	0.8594012	0.0003470
20.1291670	0.3173925	0.8594012	0.0003470
20.1541670	0.3906369	0.8594012	0.0003470
20.1791670	0.2929777	0.8594012	0.0003470
20.2083330	0.2929777	0.8594012	0.0003470
20.2416670	0.2929777	0.8594012	0.0003470
20.2750000	0.2929777	0.8594012	0.0003470
20.3041670	0.2929777	0.8594012	0.0003470
20.3375000	0.2929777	0.8594012	0.0003470
20.3666670	0.2807703	0.8594012	0.0003470
20.3958330	0.2441481	0.8594012	0.0003470
20.4125000	0.2319407	0.8594012	0.0003470
20.4333330	0.2807703	0.8594012	0.0003470
20.4500000	0.2197333	0.8594012	0.0003470
20.4750000	0.1953185	0.8594012	0.0003470
20.4958330	0.1953185	0.8594012	0.0003470
20.5166670	0.2075259	0.8594012	0.0003470
20.5333330	0.1953185	0.8594012	0.0003470
20.5541670	0.1953185	0.8594012	0.0003470
20.5791670	0.1831111	0.8594012	0.0003470
20.6041670	0.1953185	0.8594012	0.0003470
20.6291670	0.1953185	0.8594012	0.0003470
20.6500000	0.1586962	0.8594012	0.0003470
20.6666670	0.1342814	0.8594012	0.0003470
20.6791670	0.1342814	0.8594012	0.0003470
20.6958330	0.0976592	0.8594012	0.0003470
20.7083330	0.0976592	0.8594012	0.0003470
20.7208330	0.1831111	0.8594012	0.0003470
20.7333330	0.0976592	0.8594012	0.0003470
20.7458330	0.0976592	0.8594012	0.0003470
20.7583330	0.0976592	0.8594012	0.0003470
20.7750000	0.0854518	0.8594012	0.0003470
20.7916670	0.0976592	0.8594012	0.0003470
20.8125000	0.0854518	0.8594012	0.0003470
20.8250000	0.0976592	0.8594012	0.0003470
20.8416670	0.0854518	0.8594012	0.0003470
20.8541670	0.0488296	0.8594012	0.0003470
20.8625000	0.0732444	0.8594012	0.0003470
20.8750000	0.0244148	0.8594012	0.0003470
20.8833330	0.0366222	0.8594012	0.0003470
20.8958330	0.0610370	0.8594012	0.0003470
20.9041670	0.0976592	0.8594012	0.0003470
20.9208330	0.0732444	0.8594012	0.0003470
20.9333330	0.0488296	0.8594012	0.0003470
20.9500000	0.0610370	0.8594012	0.0003470
20.9625000	0.0488296	0.8594012	0.0003470
20.9750000	0.0244148	0.8594012	0.0003470
20.9875000	0.0488296	0.8594012	0.0003470
21.0000000	0.0976592	0.8594012	0.0003470
21.0208330	0.0488296	0.8594012	0.0003470
21.0416670	0.0976592	0.8594012	0.0003470
21.0666670	0.0976592	0.8594012	0.0003470
21.0875000	0.0976592	0.8594012	0.0003470
21.1166670	0.0854518	0.8594012	0.0003470
21.1375000	0.0976592	0.8594012	0.0003470
21.1708330	0.1220740	0.8594012	0.0003470
21.2000000	0.1586962	0.8594012	0.0003470
21.2291670	0.1953185	0.8594012	0.0003470
21.2666670	0.1953185	0.8594012	0.0003470
21.2958330	0.2807703	0.8594012	0.0003470
21.3208330	0.2563555	0.8594012	0.0003470
21.3416670	0.2929777	0.8594012	0.0003470
21.3625000	0.3295999	0.8594012	0.0003470
21.3875000	0.3540147	0.8594012	0.0003470
21.4166670	0.3418073	0.8594012	0.0003470
21.4500000	0.3906369	0.8594012	0.0003470
21.4875000	0.4516739	0.8594012	0.0003470
21.5208330	0.4760887	0.8594012	0.0003470
21.5583330	0.4882962	0.8594012	0.0003470
21.5875000	0.5005036	0.8594012	0.0003470
21.6166670	0.5859554	0.8594012	0.0003470
21.6458330	0.5859554	0.8594012	0.0003470
21.6708330	0.6591998	0.8594012	0.0003470
21.6958330	0.6836146	0.8594012	0.0003470
21.7208330	0.6958220	0.8594012	0.0003470
21.7416670	0.7690664	0.8594012	0.0003470
21.7708330	0.7812738	0.8594012	0.0003470
21.7916670	0.7812738	0.8594012	0.0003470
21.8125000	0.8178961	0.8594012	0.0003470
21.8375000	0.8301035	0.8594012	0.0003470
21.8583330	0.8789331	0.8594012	0.0003470
21.8833330	0.8789331	0.8594012	0.0003470
21.9041670	0.8789331	0.8594012	0.0003470
21.9333330	0.8789331	0.8594012	0.0003470
21.9458330	0.8789331	0.8594012	0.0003470
21.9666670	0.8789331	0.8594012	0.0003470
21.9833330	0.8789331	0.8594012	0.0003470
22.0000000	0.8789331	0.8594012	0.0003470
22.0250000	0.8178961	0.8594012	0.0003470
22.0500000	0.7812738	0.8594012	0.0003470
22.0791670	0.7812738	0.8594012	0.0003470
22.1041670	0.7812738	0.8594012	0.0003470
22.1375000	0.7202368	0.8594012	0.0003470
22.1708330	0.6591998	0.8594012	0.0003470
22.1916670	0.6225776	0.8594012	0.0003470
22.2250000	0.5737480	0.8594012	0.0003470
22.2583330	0.5249184	0.8594012	0.0003470
22.2791670	0.4882962	0.8594012	0.0003470
22.3125000	0.4516739	0.8594012	0.0003470
22.3333330	0.3906369	0.8594012	0.0003470
22.3541670	0.3906369	0.8594012	0.0003470
22.3708330	0.3295999	0.8594012	0.0003470
22.3916670	0.2929777	0.8594012	0.0003470
22.4125000	0.2929777	0.8594012	0.0003470
22.4375000	0.2441481	0.8594012	0.0003470
22.4625000	0.2197333	0.8594012	0.0003470
22.4833330	0.1831111	0.8594012	0.0003470
22.5083330	0.1831111	0.8594012	0.0003470
22.5333330	0.1220740	0.8594012	0.0003470
22.5541670	0.1098666	0.8594012	0.0003470
22.5750000	0.0976592	0.8594012	0.0003470
22.5916670	0.0976592	0.8594012	0.0003470
22.6041670	0.0976592	0.8594012	0.0003470
22.6208330	0.0732444	0.8594012	0.0003470
22.6416670	0.0854518	0.8594012	0.0003470
22.6500000	0.0732444	0.8594012	0.0003470
22.6666670	0.0976592	0.8594012	0.0003470
22.6833330	0.0976592	0.8594012	0.0003470
22.7041670	0.0976592	0.8594012	0.0003470
22.7250000	0.1098666	0.8594012	0.0003470
22.7458330	0.1586962	0.8594012	0.0003470
22.7708330	0.1953185	0.8594012	0.0003470
22.7958330	0.2807703	0.8594012	0.0003470
22.8208330	0.2929777	0.8594012	0.0003470
22.8416670	0.3906369	0.8594012	0.0003470
22.8541670	0.4028443	0.8594012	0.0003470
22.8750000	0.5005036	0.8594012	0.0003470
22.8916670	0.5737480	0.8594012	0.0003470
22.9041670	0.6103702	0.8594012	0.0003470
22.9250000	0.6836146	0.8594012	0.0003470
22.9416670	0.7934812	0.8594012	0.0003470
22.9541670	0.8789331	0.8594012	0.0003470
22.9708330	0.9765923	0.8594012	0.0003470
22.9833330	1.0742515	0.8594012	0.0003470
22.9958330	1.1719108	0.8594012	0.0003470
23.0125000	1.2207404	0.8594012	0.0003470
23.0291670	1.3672292	0.8594012	0.0003470
23.0500000	1.5137181	0.8594012	0.0003470
23.0625000	1.5747551	0.8594012	0.0003470
23.0750000	1.6968291	0.8594012	0.0003470
23.0916670	1.8555254	0.8594012	0.0003470
23.1083330	1.9531846	0.8594012	0.0003470
23.1250000	2.1362957	0.8594012	0.0003470
23.1375000	2.2461623	0.8594012	0.0003470
23.1500000	2.4414808	0.8594012	0.0003470
23.1625000	2.5635548	0.8594012	0.0003470
23.1791670	2.7344584	0.8594012	0.0003470
23.1958330	2.8809473	0.8594012	0.0003470
23.2125000	3.1128880	0.8594012	0.0003470
23.2250000	3.3082064	0.8594012	0.0003470
23.2458330	3.5157323	0.8594012	0.0003470
23.2625000	3.7110508	0.8594012	0.0003470
23.2791670	3.9063692	0.8594012	0.0003470
23.2916670	4.0406507	0.8594012	0.0003470
23.3125000	4.2603839	0.8594012	0.0003470
23.3291670	4.4923246	0.8594012	0.0003470
23.3458330	4.7120579	0.8594012	0.0003470
23.3666670	4.9562059	0.8594012	0.0003470
23.3833330	5.2491836	0.8594012	0.0003470
23.4000000	5.4689169	0.8594012	0.0003470
23.4166670	5.7008576	0.8594012	0.0003470
23.4375000	5.9572130	0.8594012	0.0003470
23.4541670	6.2501907	0.8594012	0.0003470
23.4708330	6.4577166	0.8594012	0.0003470
23.4833330	6.7384869	0.8594012	0.0003470
23.5041670	7.0192572	0.8594012	0.0003470
23.5208330	7.2145756	0.8594012	0.0003470
23.5416670	7.4221015	0.8594012	0.0003470
23.5666670	7.8127384	0.8594012	0.0003470
23.5875000	8.1057161	0.8594012	0.0003470
23.6083330	8.3986938	0.8594012	0.0003470
23.6208330	8.6916715	0.8594012	0.0003470
23.6375000	8.9846492	0.8594012	0.0003470
23.6500000	9.2654195	0.8594012	0.0003470
23.6625000	9.4729453	0.8594012	0.0003470
23.6708330	9.6682638	0.8594012	0.0003470
23.6791670	9.7781304	0.8594012	0.0003470
23.6916670	9.9368267	0.8594012	0.0003470
23.7000000	10.1321451	0.8594012	0.0003470
23.7083330	10.2908414	0.8594012	0.0003470
23.7208330	10.3518784	0.8594012	0.0003470
23.7333330	10.5471969	0.8594012	0.0003470
23.7458330	10.7425153	0.8594012	0.0003470
23.7583330	10.9378338	0.8594012	0.0003470
23.7750000	11.1331523	0.8594012	0.0003470
23.7958330	11.4139225	0.8594012	0.0003470
23.8125000	11.6214484	0.8594012	0.0003470
23.8333330	11.8411817	0.8594012	0.0003470
23.8541670	12.1097446	0.8594012	0.0003470
23.8791670	12.5003815	0.8594012	0.0003470
23.9041670	12.8299814	0.8594012	0.0003470
23.9291670	13.0863369	0.8594012	0.0003470
23.9541670	13.4159368	0.8594012	0.0003470
23.9791670	13.7943663	0.8594012	0.0003470
24.0041670	14.1605884	0.8594012	0.0003470
24.0208330	14.4535661	0.8594012	0.0003470
24.0375000	14.6855068	0.8594012	0.0003470
24.0583330	14.8442030	0.8594012	0.0003470
24.0750000	15.0028993	0.8594012	0.0003470
24.0958330	15.2348399	0.8594012	0.0003470
24.1083330	15.4301584	0.8594012	0.0003470
24.1291670	15.6254769	0.8594012	0.0003470
24.1458330	15.7353435	0.8594012	0.0003470
24.1666670	15.8330027	0.8594012	0.0003470
24.1875000	16.1015656	0.8594012	0.0003470
24.2041670	16.3090915	0.8594012	0.0003470
24.2208330	16.6386914	0.8594012	0.0003470
24.2291670	16.8828394	0.8594012	0.0003470
24.2375000	16.9927061	0.8594012	0.0003470
24.2458330	17.0903653	0.8594012	0.0003470
24.2541670	17.1880245	0.8594012	0.0003470
24.2625000	17.0537431	0.8594012	0.0003470
24.2750000	16.9927061	0.8594012	0.0003470
24.2916670	16.8095950	0.8594012	0.0003470
24.3125000	16.6997284	0.8594012	0.0003470
24.3291670	16.6997284	0.8594012	0.0003470
24.3500000	16.7241432	0.8594012	0.0003470
24.3791670	16.7363506	0.8594012	0.0003470
24.4125000	16.7241432	0.8594012	0.0003470
24.4458330	16.7241432	0.8594012	0.0003470
24.4875000	16.8950468	0.8594012	0.0003470
24.5250000	16.8462172	0.8594012	0.0003470
24.5583330	16.7973876	0.8594012	0.0003470
24.5958330	16.6020692	0.8594012	0.0003470
24.6208330	16.4799951	0.8594012	0.0003470
24.6541670	16.3945433	0.8594012	0.0003470
24.6791670	16.3701285	0.8594012	0.0003470
24.6958330	16.2968841	0.8594012	0.0003470
24.7208330	15.9428694	0.8594012	0.0003470
24.7458330	15.7231361	0.8594012	0.0003470
24.7750000	15.4423658	0.8594012	0.0003470
24.8041670	15.1493881	0.8594012	0.0003470
24.8291670	14.9418622	0.8594012	0.0003470
24.8500000	14.7465438	0.8594012	0.0003470
24.8625000	14.4535661	0.8594012	0.0003470
24.8791670	14.2582476	0.8594012	0.0003470
24.8958330	13.9896847	0.8594012	0.0003470
24.9166670	13.5746330	0.8594012	0.0003470
24.9333330	13.1839961	0.8594012	0.0003470
24.9500000	12.9520554	0.8594012	0.0003470
24.9666670	12.7445296	0.8594012	0.0003470
24.9791670	12.5247963	0.8594012	0.0003470
24.9916670	12.2074038	0.8594012	0.0003470
25.0125000	11.9388409	0.8594012	0.0003470
25.0291670	11.5237892	0.8594012	0.0003470
25.0500000	11.1453597	0.8594012	0.0003470
25.0708330	10.7791375	0.8594012	0.0003470
25.0958330	10.3640858	0.8594012	0.0003470
25.1166670	9.9734489	0.8594012	0.0003470
25.1416670	9.6438490	0.8594012	0.0003470
25.1666670	9.2410047	0.8594012	0.0003470
25.1916670	8.7893307	0.8594012	0.0003470
25.2208330	8.3254494	0.8594012	0.0003470
25.2458330	7.9103977	0.8594012	0.0003470
25.2708330	7.5197607	0.8594012	0.0003470
25.2875000	7.1291238	0.8594012	0.0003470
25.3083330	6.7995239	0.8594012	0.0003470
25.3250000	6.5553758	0.8594012	0.0003470
25.3416670	6.2623981	0.8594012	0.0003470
25.3541670	6.0304575	0.8594012	0.0003470
25.3750000	5.7374798	0.8594012	0.0003470
25.3958330	5.3712577	0.8594012	0.0003470
25.4166670	5.0538652	0.8594012	0.0003470
25.4250000	4.7853023	0.8594012	0.0003470
25.4458330	4.5655690	0.8594012	0.0003470
25.4625000	4.2725913	0.8594012	0.0003470
25.4833330	4.0040284	0.8594012	0.0003470
25.5041670	3.7720878	0.8594012	0.0003470
25.5166670	3.6133915	0.8594012	0.0003470
25.5416670	3.3570360	0.8594012	0.0003470
25.5583330	3.1250954	0.8594012	0.0003470
25.5750000	2.9175695	0.8594012	0.0003470
25.6041670	2.6856288	0.8594012	0.0003470
25.6166670	2.5391400	0.8594012	0.0003470
25.6291670	2.4048585	0.8594012	0.0003470
25.6416670	2.3438215	0.8594012	0.0003470
25.6583330	2.1362957	0.8594012	0.0003470
25.6708330	1.9531846	0.8594012	0.0003470
25.6875000	1.8066958	0.8594012	0.0003470
25.7083330	1.6602069	0.8594012	0.0003470
25.7250000	1.5503403	0.8594012	0.0003470
25.7416670	1.3672292	0.8594012	0.0003470
25.7583330	1.3061922	0.8594012	0.0003470
25.7708330	1.1719108	0.8594012	0.0003470
25.7875000	1.0986663	0.8594012	0.0003470
25.8000000	0.9765923	0.8594012	0.0003470
25.8250000	0.8789331	0.8594012	0.0003470
25.8416670	0.8056887	0.8594012	0.0003470
25.8625000	0.7080294	0.8594012	0.0003470
25.8791670	0.6836146	0.8594012	0.0003470
25.8958330	0.5859554	0.8594012	0.0003470
25.9125000	0.4882962	0.8594012	0.0003470
25.9291670	0.4760887	0.8594012	0.0003470
25.9500000	0.3906369	0.8594012	0.0003470
25.9666670	0.3295999	0.8594012	0.0003470
25.9875000	0.2929777	0.8594012	0.0003470
26.0125000	0.2563555	0.8594012	0.0003470
26.0333330	0.1953185	0.8594012	0.0003470
26.0541670	0.1464888	0.8594012	0.0003470
26.0791670	0.1220740	0.8594012	0.0003470
26.1000000	0.1586962	0.8594012	0.0003470
26.1250000	0.0976592	0.8594012	0.0003470
26.1500000	0.0976592	0.8594012	0.0003470
26.1750000	0.0976592	0.8594012	0.0003470
26.1958330	0.0976592	0.8594012	0.0003470
26.2208330	0.0976592	0.8594012	0.0003470
26.2458330	0.1098666	0.8594012	0.0003470
26.2666670	0.1831111	0.8594012	0.0003470
26.2916670	0.1831111	0.8594012	0.0003470
26.3125000	0.1953185	0.8594012	0.0003470
26.3291670	0.2075259	0.8594012	0.0003470
26.3583330	0.2807703	0.8594012	0.0003470
26.3833330	0.2929777	0.8594012	0.0003470
26.4125000	0.3418073	0.8594012	0.0003470
26.4416670	0.3906369	0.8594012	0.0003470
26.4708330	0.4272591	0.8594012	0.0003470
26.5000000	0.4760887	0.8594012	0.0003470
26.5208330	0.4882962	0.8594012	0.0003470
26.5416670	0.5493332	0.8594012	0.0003470
26.5583330	0.5981628	0.8594012	0.0003470
26.5833330	0.6347850	0.8594012	0.0003470
26.6041670	0.6836146	0.8594012	0.0003470
26.6250000	0.6836146	0.8594012	0.0003470
26.6416670	0.7568590	0.8594012	0.0003470
26.6625000	0.7812738	0.8594012	0.0003470
26.6833330	0.8178961	0.8594012	0.0003470
26.7041670	0.8667257	0.8594012	0.0003470
26.7208330	0.8789331	0.8594012	0.0003470
26.7458330	0.9399701	0.8594012	0.0003470
26.7625000	0.9277627	0.8594012	0.0003470
26.7833330	0.9521775	0.8594012	0.0003470
26.8041670	0.9765923	0.8594012	0.0003470
26.8208330	0.9765923	0.8594012	0.0003470
26.8416670	0.9765923	0.8594012	0.0003470
26.8583330	1.0010071	0.8594012	0.0003470
26.8791670	1.0742515	0.8594012	0.0003470
26.9000000	0.9765923	0.8594012	0.0003470
26.9208330	0.9765923	0.8594012	0.0003470
26.9375000	0.9765923	0.8594012	0.0003470
26.9625000	0.9765923	0.8594012	0.0003470
26.9833330	0.9643849	0.8594012	0.0003470
27.0083330	0.8789331	0.8594012	0.0003470
27.0375000	0.8911405	0.8594012	0.0003470
27.0625000	0.8789331	0.8594012	0.0003470
27.0916670	0.8789331	0.8594012	0.0003470
27.1208330	0.8301035	0.8594012	0.0003470
27.1416670	0.8423109	0.8594012	0.0003470
27.1625000	0.7812738	0.8594012	0.0003470
27.1833330	0.7812738	0.8594012	0.0003470
27.2000000	0.7812738	0.8594012	0.0003470
27.2250000	0.7324442	0.8594012	0.0003470
27.2458330	0.6836146	0.8594012	0.0003470
27.2625000	0.6836146	0.8594012	0.0003470
27.2833330	0.6958220	0.8594012	0.0003470
27.3000000	0.6836146	0.8594012	0.0003470
27.3166670	0.6591998	0.8594012	0.0003470
27.3291670	0.6714072	0.8594012	0.0003470
27.3416670	0.6103702	0.8594012	0.0003470
27.3541670	0.6103702	0.8594012	0.0003470
27.3625000	0.5859554	0.8594012	0.0003470
27.3750000	0.6469924	0.8594012	0.0003470
27.3833330	0.5859554	0.8594012	0.0003470
27.3916670	0.5737480	0.8594012	0.0003470
27.4083330	0.5371258	0.8594012	0.0003470
27.4291670	0.4882962	0.8594012	0.0003470
27.4458330	0.4882962	0.8594012	0.0003470
27.4625000	0.4272591	0.8594012	0.0003470
27.4833330	0.4394665	0.8594012	0.0003470
27.5000000	0.3906369	0.8594012	0.0003470
27.5208330	0.3906369	0.8594012	0.0003470
27.5416670	0.3540147	0.8594012	0.0003470
27.5625000	0.3051851	0.8594012	0.0003470
27.5833330	0.2807703	0.8594012	0.0003470
27.5958330	0.2929777	0.8594012	0.0003470
27.6083330	0.2929777	0.8594012	0.0003470
27.6208330	0.2807703	0.8594012	0.0003470
27.6333330	0.2075259	0.8594012	0.0003470
27.6458330	0.1953185	0.8594012	0.0003470
27.6625000	0.2075259	0.8594012	0.0003470
27.6791670	0.1953185	0.8594012	0.0003470
27.7000000	0.1953185	0.8594012	0.0003470
27.7208330	0.1709037	0.8594012	0.0003470
27.7458330	0.1464888	0.8594012	0.0003470
27.7666670	0.1342814	0.8594012	0.0003470
27.7875000	0.0976592	0.8594012	0.0003470
27.8041670	0.1831111	0.8594012	0.0003470
27.8166670	0.0976592	0.8594012	0.0003470
27.8375000	0.0976592	0.8594012	0.0003470
27.8541670	0.0976592	0.8594012	0.0003470
27.8666670	0.0976592	0.8594012	0.0003470
27.8833330	0.0976592	0.8594012	0.0003470
27.9000000	0.0732444	0.8594012	0.0003470
27.9166670	0.0976592	0.8594012	0.0003470
27.9291670	0.0976592	0.8594012	0.0003470
27.9458330	0.0976592	0.8594012	0.0003470
27.9666670	0.0976592	0.8594012	0.0003470
27.9791670	0.0976592	0.8594012	0.0003470
27.9916670	0.0976592	0.8594012	0.0003470
28.0041670	0.0976592	0.8594012	0.0003470
28.0208330	0.0976592	0.8594012	0.0003470
28.0375000	0.0976592	0.8594012	0.0003470
28.0625000	0.0976592	0.8594012	0.0003470
28.0791670	0.0976592	0.8594012	0.0003470
28.1083330	0.0976592	0.8594012	0.0003470
28.1291670	0.0976592	0.8594012	0.0003470
28.1500000	0.0976592	0.8594012	0.0003470
28.1750000	0.1342814	0.8594012	0.0003470
28.2000000	0.1220740	0.8594012	0.0003470
28.2291670	0.1831111	0.8594012	0.0003470
28.2541670	0.1953185	0.8594012	0.0003470
28.2791670	0.1831111	0.8594012	0.0003470
28.2958330	0.1953185	0.8594012	0.0003470
28.3166670	0.1953185	0.8594012	0.0003470
28.3375000	0.2685629	0.8594012	0.0003470
28.3583330	0.2075259	0.8594012	0.0003470
28.3750000	0.2075259	0.8594012	0.0003470
28.3916670	0.2563555	0.8594012	0.0003470
28.4125000	0.2929777	0.8594012	0.0003470
28.4333330	0.2807703	0.8594012	0.0003470
28.4583330	0.2685629	0.8594012	0.0003470
28.4833330	0.2807703	0.8594012	0.0003470
28.5083330	0.2319407	0.8594012	0.0003470
28.5375000	0.2929777	0.8594012	0.0003470
28.5625000	0.2929777	0.8594012	0.0003470
28.5833330	0.3540147	0.8594012	0.0003470
28.6000000	0.2929777	0.8594012	0.0003470
28.6166670	0.2929777	0.8594012	0.0003470
28.6333330	0.2929777	0.8594012	0.0003470
28.6500000	0.3418073	0.8594012	0.0003470
28.6666670	0.3540147	0.8594012	0.0003470
28.6833330	0.3295999	0.8594012	0.0003470
28.6958330	0.3662221	0.8594012	0.0003470
28.7083330	0.3418073	0.8594012	0.0003470
28.7208330	0.3540147	0.8594012	0.0003470
28.7333330	0.3784295	0.8594012	0.0003470
28.7500000	0.3784295	0.8594012	0.0003470
28.7708330	0.2929777	0.8594012	0.0003470
28.7916670	0.3051851	0.8594012	0.0003470
28.8166670	0.3906369	0.8594012	0.0003470
28.8416670	0.3051851	0.8594012	0.0003470
28.8708330	0.2929777	0.8594012	0.0003470
28.8958330	0.2929777	0.8594012	0.0003470
28.9291670	0.2929777	0.8594012	0.0003470
28.9625000	0.2929777	0.8594012	0.0003470
28.9916670	0.2929777	0.8594012	0.0003470
29.0166670	0.2929777	0.8594012	0.0003470
29.0416670	0.2929777	0.8594012	0.0003470
29.0666670	0.2319407	0.8594012	0.0003470
29.0916670	0.2807703	0.8594012	0.0003470
29.1166670	0.2685629	0.8594012	0.0003470
29.1416670	0.2441481	0.8594012	0.0003470
29.1666670	0.2075259	0.8594012	0.0003470
29.1875000	0.2319407	0.8594012	0.0003470
29.2125000	0.1953185	0.8594012	0.0003470
29.2291670	0.1953185	0.8594012	0.0003470
29.2458330	0.1953185	0.8594012	0.0003470
29.2625000	0.1953185	0.8594012	0.0003470
29.2833330	0.1709037	0.8594012	0.0003470
29.3000000	0.1831111	0.8594012	0.0003470
29.3166670	0.1586962	0.8594012	0.0003470
29.3333330	0.0976592	0.8594012	0.0003470
29.3500000	0.1220740	0.8594012	0.0003470
29.3708330	0.0976592	0.8594012	0.0003470
29.3875000	0.1464888	0.8594012	0.0003470
29.4083330	0.0976592	0.8594012	0.0003470
29.4333330	0.0976592	0.8594012	0.0003470
29.4583330	0.0976592	0.8594012	0.0003470
29.4833330	0.0976592	0.8594012	0.0003470
29.5083330	0.0976592	0.8594012	0.0003470
29.5208330	0.0976592	0.8594012	0.0003470
29.5333330	0.0976592	0.8594012	0.0003470
29.5458330	0.0488296	0.8594012	0.0003470
29.5625000	0.0366222	0.8594012	0.0003470
29.5833330	0.0976592	0.8594012	0.0003470
29.6041670	0.0854518	0.8594012	0.0003470
29.6291670	0.0488296	0.8594012	0.0003470
29.6541670	0.0610370	0.8594012	0.0003470
29.6750000	0.0976592	0.8594012	0.0003470
29.7000000	0.0854518	0.8594012	0.0003470
29.7250000	0.0610370	0.8594012	0.0003470
29.7458330	0.0122074	0.8594012	0.0003470
29.7708330	0.0366222	0.8594012	0.0003470
29.7958330	0.0244148	0.8594012	0.0003470
29.8250000	0.0366222	0.8594012	0.0003470
29.8500000	0.0854518	0.8594012	0.0003470
29.8708330	0.0610370	0.8594012	0.0003470
29.8958330	0.0732444	0.8594012	0.0003470
29.9250000	0.0854518	0.8594012	0.0003470
29.9500000	0.0488296	0.8594012	0.0003470
29.9750000	0.0976592	0.8594012	0.0003470
30.0083330	0.0610370	0.8594012	0.0003470
