17.01666700	0.25635550	1.21097446	0.00034700
17.04583300	0.26856290	1.21097446	0.00034700
17.07500000	0.28077030	1.21097446	0.00034700
17.10833300	0.34180730	1.21097446	0.00034700
17.14583300	0.36622210	1.21097446	0.00034700
17.17500000	0.39063690	1.21097446	0.00034700
17.20833300	0.39063690	1.21097446	0.00034700
17.23750000	0.39063690	1.21097446	0.00034700
17.26666700	0.39063690	1.21097446	0.00034700
17.29583300	0.42725910	1.21097446	0.00034700
17.32916700	0.41505170	1.21097446	0.00034700
17.36666700	0.43946650	1.21097446	0.00034700
17.39583300	0.47608870	1.21097446	0.00034700
17.43333300	0.43946650	1.21097446	0.00034700
17.46666700	0.48829620	1.21097446	0.00034700
17.50000000	0.47608870	1.21097446	0.00034700
17.54166700	0.48829620	1.21097446	0.00034700
17.57916700	0.48829620	1.21097446	0.00034700
17.61666700	0.48829620	1.21097446	0.00034700
17.65000000	0.43946650	1.21097446	0.00034700
17.69166700	0.40284430	1.21097446	0.00034700
17.73333300	0.39063690	1.21097446	0.00034700
17.77500000	0.39063690	1.21097446	0.00034700
17.81250000	0.39063690	1.21097446	0.00034700
17.85000000	0.39063690	1.21097446	0.00034700
17.88750000	0.29297770	1.21097446	0.00034700
17.92083300	0.29297770	1.21097446	0.00034700
17.95833300	0.26856290	1.21097446	0.00034700
17.99166700	0.26856290	1.21097446	0.00034700
18.02916700	0.19531850	1.21097446	0.00034700
18.07500000	0.19531850	1.21097446	0.00034700
18.12083300	0.18311110	1.21097446	0.00034700
18.16666700	0.09765920	1.21097446	0.00034700
18.21250000	0.09765920	1.21097446	0.00034700
18.25416700	0.09765920	1.21097446	0.00034700
18.28750000	0.09765920	1.21097446	0.00034700
18.31666700	0.09765920	1.21097446	0.00034700
18.35833300	0.09765920	1.21097446	0.00034700
18.40000000	0.09765920	1.21097446	0.00034700
18.43750000	0.12207400	1.21097446	0.00034700
18.46666700	0.17090370	1.21097446	0.00034700
18.50000000	0.19531850	1.21097446	0.00034700
18.52916700	0.19531850	1.21097446	0.00034700
18.56250000	0.24414810	1.21097446	0.00034700
18.59166700	0.29297770	1.21097446	0.00034700
18.62083300	0.29297770	1.21097446	0.00034700
18.64583300	0.30518510	1.21097446	0.00034700
18.67500000	0.39063690	1.21097446	0.00034700
18.70000000	0.39063690	1.21097446	0.00034700
18.72500000	0.48829620	1.21097446	0.00034700
18.74583300	0.48829620	1.21097446	0.00034700
18.76666700	0.54933320	1.21097446	0.00034700
18.78750000	0.58595540	1.21097446	0.00034700
18.80833300	0.63478500	1.21097446	0.00034700
18.82916700	0.69582200	1.21097446	0.00034700
18.85000000	0.70802940	1.21097446	0.00034700
18.87083300	0.78127380	1.21097446	0.00034700
18.89166700	0.81789610	1.21097446	0.00034700
18.91250000	0.86672570	1.21097446	0.00034700
18.93333300	0.87893310	1.21097446	0.00034700
18.95833300	0.92776270	1.21097446	0.00034700
18.98750000	0.95217750	1.21097446	0.00034700
19.00833300	0.97659230	1.21097446	0.00034700
19.03750000	1.02542190	1.21097446	0.00034700
19.06666700	1.06204410	1.21097446	0.00034700
19.08750000	1.06204410	1.21097446	0.00034700
19.11666700	1.07425150	1.21097446	0.00034700
19.14166700	1.09866630	1.21097446	0.00034700
19.17083300	1.17191080	1.21097446	0.00034700
19.20833300	1.17191080	1.21097446	0.00034700
19.24166700	1.20853300	1.21097446	0.00034700
19.27916700	1.26957000	1.21097446	0.00034700
19.32500000	1.26957000	1.21097446	0.00034700
19.36250000	1.29398480	1.21097446	0.00034700
19.39583300	1.35502180	1.21097446	0.00034700
19.42916700	1.28177740	1.21097446	0.00034700
19.46666700	1.26957000	1.21097446	0.00034700
19.50416700	1.20853300	1.21097446	0.00034700
19.54166700	1.17191080	1.21097446	0.00034700
19.58333300	1.03762930	1.21097446	0.00034700
19.62916700	0.92776270	1.21097446	0.00034700
19.67500000	0.86672570	1.21097446	0.00034700
19.71250000	0.72023680	1.21097446	0.00034700
19.74583300	0.59816280	1.21097446	0.00034700
19.77916700	0.56154060	1.21097446	0.00034700
19.81666700	0.46388130	1.21097446	0.00034700
19.85833300	0.39063690	1.21097446	0.00034700
19.89166700	0.29297770	1.21097446	0.00034700
19.92916700	0.29297770	1.21097446	0.00034700
19.95416700	0.19531850	1.21097446	0.00034700
19.97916700	0.18311110	1.21097446	0.00034700
20.01250000	0.10986660	1.21097446	0.00034700
20.04166700	0.12207400	1.21097446	0.00034700
20.07500000	0.09765920	1.21097446	0.00034700
20.09583300	0.10986660	1.21097446	0.00034700
20.12500000	0.18311110	1.21097446	0.00034700
20.15000000	0.18311110	1.21097446	0.00034700
20.17916700	0.19531850	1.21097446	0.00034700
20.20416700	0.29297770	1.21097446	0.00034700
20.24583300	0.39063690	1.21097446	0.00034700
20.28333300	0.48829620	1.21097446	0.00034700
20.32916700	0.68361460	1.21097446	0.00034700
20.37500000	0.97659230	1.21097446	0.00034700
20.41666700	1.23294780	1.21097446	0.00034700
20.46250000	1.59916990	1.21097446	0.00034700
20.51250000	2.05084380	1.21097446	0.00034700
20.55833300	2.55134740	1.21097446	0.00034700
20.60000000	3.12509540	1.21097446	0.00034700
20.65000000	3.77208780	1.21097446	0.00034700
20.69583300	4.46790980	1.21097446	0.00034700
20.74583300	5.23697620	1.21097446	0.00034700
20.80000000	6.07928710	1.21097446	0.00034700
20.84583300	7.12912380	1.21097446	0.00034700
20.88750000	8.20337530	1.21097446	0.00034700
20.92916700	9.08230840	1.21097446	0.00034700
20.97500000	10.04669330	1.21097446	0.00034700
21.00833300	11.05990780	1.21097446	0.00034700
21.05416700	12.10974460	1.21097446	0.00034700
21.10416700	13.33048490	1.21097446	0.00034700
21.15416700	14.50239570	1.21097446	0.00034700
21.20416700	15.72313610	1.21097446	0.00034700
21.25416700	16.79738760	1.21097446	0.00034700
21.30416700	18.07916500	1.21097446	0.00034700
21.35416700	19.29990540	1.21097446	0.00034700
21.40000000	20.41077910	1.21097446	0.00034700
21.44166700	21.46061590	1.21097446	0.00034700
21.50000000	22.10760830	1.21097446	0.00034700
21.55416700	22.86446730	1.21097446	0.00034700
21.60416700	23.14523760	1.21097446	0.00034700
21.65000000	23.53587450	1.21097446	0.00034700
21.69166700	23.82885220	1.21097446	0.00034700
21.73750000	24.15845210	1.21097446	0.00034700
21.78750000	24.21948910	1.21097446	0.00034700
21.84583300	24.02417070	1.21097446	0.00034700
21.90000000	23.91430400	1.21097446	0.00034700
21.95000000	23.43821530	1.21097446	0.00034700
21.99583300	23.24289680	1.21097446	0.00034700
22.04166700	22.73018590	1.21097446	0.00034700
22.10000000	21.97332680	1.21097446	0.00034700
22.15000000	21.36295660	1.21097446	0.00034700
22.19583300	20.48402360	1.21097446	0.00034700
22.24166700	19.72716450	1.21097446	0.00034700
22.28333300	18.99472030	1.21097446	0.00034700
22.32500000	18.16461680	1.21097446	0.00034700
22.36250000	17.48100220	1.21097446	0.00034700
22.40416700	16.69972840	1.21097446	0.00034700
22.45000000	15.86962490	1.21097446	0.00034700
22.49583300	14.94186220	1.21097446	0.00034700
22.54166700	13.89202550	1.21097446	0.00034700
22.58333300	12.89101840	1.21097446	0.00034700
22.62500000	11.90221870	1.21097446	0.00034700
22.65833300	11.03549300	1.21097446	0.00034700
22.70833300	10.14435250	1.21097446	0.00034700
22.75416700	9.19217510	1.21097446	0.00034700
22.80416700	8.21558280	1.21097446	0.00034700
22.85833300	7.23899040	1.21097446	0.00034700
22.90000000	6.33564260	1.21097446	0.00034700
22.95000000	5.48112430	1.21097446	0.00034700
23.00000000	4.69985050	1.21097446	0.00034700
23.05000000	4.00402840	1.21097446	0.00034700
23.10000000	3.24716940	1.21097446	0.00034700
23.13333300	2.66121400	1.21097446	0.00034700
23.18333300	2.08746600	1.21097446	0.00034700
23.22916700	1.66020690	1.21097446	0.00034700
23.26666700	1.30619220	1.21097446	0.00034700
23.30000000	1.02542190	1.21097446	0.00034700
23.33333300	0.86672570	1.21097446	0.00034700
23.36250000	0.68361460	1.21097446	0.00034700
23.38750000	0.54933320	1.21097446	0.00034700
23.40416700	0.46388130	1.21097446	0.00034700
23.42500000	0.37842950	1.21097446	0.00034700
23.44166700	0.31739250	1.21097446	0.00034700
23.45833300	0.28077030	1.21097446	0.00034700
23.47500000	0.23194070	1.21097446	0.00034700
23.49583300	0.19531850	1.21097446	0.00034700
23.51250000	0.15869620	1.21097446	0.00034700
23.53333300	0.12207400	1.21097446	0.00034700
23.55000000	0.12207400	1.21097446	0.00034700
23.56666700	0.09765920	1.21097446	0.00034700
23.58750000	0.09765920	1.21097446	0.00034700
23.61250000	0.13428140	1.21097446	0.00034700
23.63750000	0.09765920	1.21097446	0.00034700
23.66250000	0.12207400	1.21097446	0.00034700
23.68750000	0.19531850	1.21097446	0.00034700
23.70833300	0.19531850	1.21097446	0.00034700
23.72916700	0.19531850	1.21097446	0.00034700
23.74583300	0.20752590	1.21097446	0.00034700
23.76666700	0.29297770	1.21097446	0.00034700
23.78750000	0.31739250	1.21097446	0.00034700
23.80833300	0.32959990	1.21097446	0.00034700
23.82500000	0.39063690	1.21097446	0.00034700
23.85000000	0.42725910	1.21097446	0.00034700
23.87083300	0.48829620	1.21097446	0.00034700
23.89166700	0.48829620	1.21097446	0.00034700
23.91666700	0.56154060	1.21097446	0.00034700
23.94166700	0.61037020	1.21097446	0.00034700
23.96666700	0.65919980	1.21097446	0.00034700
23.99166700	0.76906640	1.21097446	0.00034700
24.00416700	0.78127380	1.21097446	0.00034700
24.02500000	0.80568870	1.21097446	0.00034700
24.04583300	0.86672570	1.21097446	0.00034700
24.06250000	0.87893310	1.21097446	0.00034700
24.07500000	0.90334790	1.21097446	0.00034700
24.09166700	0.97659230	1.21097446	0.00034700
24.10833300	1.00100710	1.21097446	0.00034700
24.12916700	1.04983670	1.21097446	0.00034700
24.15000000	1.06204410	1.21097446	0.00034700
24.16666700	1.07425150	1.21097446	0.00034700
24.18333300	1.13528860	1.21097446	0.00034700
24.20416700	1.14749600	1.21097446	0.00034700
24.22916700	1.17191080	1.21097446	0.00034700
24.25416700	1.17191080	1.21097446	0.00034700
24.27916700	1.20853300	1.21097446	0.00034700
24.30416700	1.17191080	1.21097446	0.00034700
24.32083300	1.18411820	1.21097446	0.00034700
24.34583300	1.19632560	1.21097446	0.00034700
24.36666700	1.17191080	1.21097446	0.00034700
24.39583300	1.17191080	1.21097446	0.00034700
24.42083300	1.13528860	1.21097446	0.00034700
24.44583300	1.09866630	1.21097446	0.00034700
24.46666700	1.07425150	1.21097446	0.00034700
24.48750000	1.00100710	1.21097446	0.00034700
24.50833300	0.98879970	1.21097446	0.00034700
24.53333300	0.97659230	1.21097446	0.00034700
24.56250000	0.90334790	1.21097446	0.00034700
24.58333300	0.86672570	1.21097446	0.00034700
24.60416700	0.84231090	1.21097446	0.00034700
24.62500000	0.78127380	1.21097446	0.00034700
24.64583300	0.78127380	1.21097446	0.00034700
24.66666700	0.70802940	1.21097446	0.00034700
24.70000000	0.68361460	1.21097446	0.00034700
24.72916700	0.58595540	1.21097446	0.00034700
24.75416700	0.58595540	1.21097446	0.00034700
24.77500000	0.53712580	1.21097446	0.00034700
24.79583300	0.50050360	1.21097446	0.00034700
24.81666700	0.48829620	1.21097446	0.00034700
24.83750000	0.45167390	1.21097446	0.00034700
24.85833300	0.41505170	1.21097446	0.00034700
24.87500000	0.39063690	1.21097446	0.00034700
24.89166700	0.39063690	1.21097446	0.00034700
24.90833300	0.37842950	1.21097446	0.00034700
24.92083300	0.31739250	1.21097446	0.00034700
24.93333300	0.31739250	1.21097446	0.00034700
24.95000000	0.29297770	1.21097446	0.00034700
24.96250000	0.29297770	1.21097446	0.00034700
24.97500000	0.23194070	1.21097446	0.00034700
24.99166700	0.20752590	1.21097446	0.00034700
25.00833300	0.20752590	1.21097446	0.00034700
25.02500000	0.19531850	1.21097446	0.00034700
25.04583300	0.18311110	1.21097446	0.00034700
25.06666700	0.13428140	1.21097446	0.00034700
25.08750000	0.19531850	1.21097446	0.00034700
25.11250000	0.15869620	1.21097446	0.00034700
25.13750000	0.12207400	1.21097446	0.00034700
25.16666700	0.09765920	1.21097446	0.00034700
25.20000000	0.09765920	1.21097446	0.00034700
25.23333300	0.06103700	1.21097446	0.00034700
25.27083300	0.07324440	1.21097446	0.00034700
25.30416700	0.09765920	1.21097446	0.00034700
25.33333300	0.09765920	1.21097446	0.00034700
25.36666700	0.08545180	1.21097446	0.00034700
25.40000000	0.07324440	1.21097446	0.00034700
25.42500000	0.09765920	1.21097446	0.00034700
25.46666700	0.09765920	1.21097446	0.00034700
25.50000000	0.12207400	1.21097446	0.00034700
25.53333300	0.19531850	1.21097446	0.00034700
25.56666700	0.19531850	1.21097446	0.00034700
25.59583300	0.19531850	1.21097446	0.00034700
25.62916700	0.24414810	1.21097446	0.00034700
25.66250000	0.29297770	1.21097446	0.00034700
25.69166700	0.29297770	1.21097446	0.00034700
25.72500000	0.29297770	1.21097446	0.00034700
25.75416700	0.30518510	1.21097446	0.00034700
25.78333300	0.32959990	1.21097446	0.00034700
25.82083300	0.31739250	1.21097446	0.00034700
25.85416700	0.39063690	1.21097446	0.00034700
25.88333300	0.39063690	1.21097446	0.00034700
25.91666700	0.39063690	1.21097446	0.00034700
25.95000000	0.39063690	1.21097446	0.00034700
25.98333300	0.39063690	1.21097446	0.00034700
