0.004167	0.2746666
0.004167	0.3295999
0.004167	0.2478103
0.004167	0.0769066
0.004167	0.1257363
0.004167	0.2746666
0.004167	0.3222755
0.004167	0.2502518
0.004167	0.0769066
0.004167	0.1220740
0.004167	0.2807703
0.004167	0.3247169
0.004167	0.2441481
0.004167	0.0756859
0.004167	0.1269570
0.004167	0.2734458
0.004167	0.3259377
0.004167	0.2526933
0.004167	0.0708029
0.004167	0.1232948
0.004167	0.2771081
0.004167	0.3271584
0.004167	0.2441481
0.004167	0.0781274
0.004167	0.1257363
0.004167	0.2734458
0.004167	0.3259377
0.004167	0.2465896
0.004167	0.0756859
0.004167	0.1269570
0.004167	0.2746666
0.004167	0.3222755
0.004167	0.2465896
0.004167	0.0732444
0.004167	0.1208533
0.004167	0.2795495
0.004167	0.3234962
0.004167	0.2417066
0.004167	0.0756859
0.004167	0.1257363
0.004167	0.2734458
0.004167	0.3222755
0.004167	0.2465896
0.004167	0.0720237
0.004167	0.1257363
0.004167	0.2734458
0.004167	0.3173925
0.004167	0.2417066
0.004167	0.0781274
0.004167	0.1257363
0.004167	0.2710044
0.004167	0.3173925
0.004167	0.2380444
0.004167	0.0793481
0.004167	0.1318400
0.004167	0.2636799
0.004167	0.3125095
0.004167	0.2404859
0.004167	0.0891140
0.004167	0.1318400
0.004167	0.2710044
0.004167	0.3064058
0.004167	0.2368236
0.004167	0.0976592
0.004167	0.1660207
0.004167	0.2478103
0.004167	0.2758873
0.004167	0.2307199
0.004167	0.1171911
0.004167	0.1562548
0.004167	0.2539140
0.004167	0.2783288
0.004167	0.2282785
0.004167	0.1062044
0.004167	0.1489303
0.004167	0.2539140
0.004167	0.2771081
0.004167	0.2270577
0.004167	0.1184118
0.004167	0.1562548
0.004167	0.2429273
0.004167	0.2734458
0.004167	0.2258370
0.004167	0.1184118
0.004167	0.1574755
0.004167	0.2575762
0.004167	0.2734458
0.004167	0.2258370
0.004167	0.1367229
0.004167	0.1586962
0.004167	0.2392651
0.004167	0.2673421
0.004167	0.2233955
0.004167	0.1355022
0.004167	0.1623585
0.004167	0.2417066
0.004167	0.2575762
0.004167	0.2307199
0.004167	0.1428266
0.004167	0.1635792
0.004167	0.2368236
0.004167	0.2587970
0.004167	0.2233955
0.004167	0.1403851
0.004167	0.1648000
0.004167	0.2331614
0.004167	0.2612384
0.004167	0.2246162
0.004167	0.1428266
0.004167	0.1635792
0.004167	0.2356029
0.004167	0.2539140
0.004167	0.2246162
0.004167	0.1525925
0.004167	0.1599170
0.004167	0.2282785
0.004167	0.2587970
0.004167	0.2185125
0.004167	0.1403851
0.004167	0.1611377
0.008333	0.2319407
0.008333	0.2551347
0.008333	0.2221747
0.008333	0.1367229
0.008333	0.1562548
0.008333	0.2331614
0.008333	0.2563555
0.008333	0.2209540
0.008333	0.1367229
0.008333	0.1538133
0.008333	0.2282785
0.012500	0.2539140
0.012500	0.2160710
0.012500	0.1281777
0.012500	0.1562548
0.016667	0.2307199
0.016667	0.2502518
0.016667	0.2160710
0.016667	0.1330607
0.020833	0.1477096
0.020833	0.2258370
0.020833	0.2490310
0.020833	0.2099673
0.020833	0.1220740
0.020833	0.1489303
0.020833	0.2282785
0.025000	0.2478103
0.025000	0.2124088
0.025000	0.1232948
0.029167	0.1428266
0.029167	0.2221747
0.033333	0.2441481
0.037500	0.2099673
0.041667	0.1281777
0.050000	0.1464888
0.054167	0.2148503
0.062500	0.2441481
0.066667	0.2050844
0.075000	0.1245155
0.087500	0.1513718
0.091667	0.2209540
0.100000	0.2417066
0.108333	0.2099673
0.116667	0.1269570
0.125000	0.1403851
0.133333	0.2197333
0.141667	0.2478103
0.154167	0.2026429
0.170833	0.1318400
0.183333	0.1477096
0.208333	0.2209540
0.229167	0.2392651
0.258333	0.2099673
0.283333	0.1293985
0.308333	0.1428266
0.333333	0.2209540
0.358333	0.2404859
0.379167	0.2038636
0.400000	0.1306192
0.420833	0.1403851
0.450000	0.2111881
0.479167	0.2368236
0.508333	0.1965392
0.537500	0.1171911
0.562500	0.1428266
0.587500	0.2075259
0.616667	0.2233955
0.645833	0.1940977
0.679167	0.1159703
0.708333	0.1245155
0.745833	0.2002014
0.783333	0.2221747
0.820833	0.1806696
0.862500	0.1074252
0.900000	0.1232948
0.937500	0.1904355
0.975000	0.2148503
1.008333	0.1806696
1.041667	0.1086459
1.070833	0.1232948
1.108333	0.1989807
1.141667	0.2185125
1.175000	0.1831111
1.208333	0.1123081
1.241667	0.1281777
1.270833	0.2063051
1.300000	0.2282785
1.329167	0.1879940
1.362500	0.1184118
1.391667	0.1391644
1.420833	0.2111881
1.450000	0.2331614
1.479167	0.2038636
1.508333	0.1269570
1.533333	0.1403851
1.554167	0.2209540
1.579167	0.2417066
1.600000	0.2014222
1.620833	0.1355022
1.637500	0.1501511
1.654167	0.2233955
1.670833	0.2453688
1.687500	0.2063051
1.700000	0.1330607
1.712500	0.1538133
1.725000	0.2270577
1.733333	0.2441481
1.745833	0.2111881
1.758333	0.1367229
1.775000	0.1513718
1.787500	0.2270577
1.808333	0.2453688
1.825000	0.2063051
1.841667	0.1342814
1.866667	0.1538133
1.887500	0.2197333
1.912500	0.2429273
1.937500	0.2111881
1.962500	0.1293985
1.987500	0.1477096
2.012500	0.2233955
2.033333	0.2368236
2.058333	0.1965392
2.083333	0.1269570
2.112500	0.1416059
2.141667	0.2087466
2.166667	0.2307199
2.191667	0.1904355
2.216667	0.1135289
2.241667	0.1355022
2.262500	0.2038636
2.287500	0.2221747
2.308333	0.1806696
2.329167	0.1098666
2.350000	0.1208533
2.375000	0.1977599
2.395833	0.2148503
2.416667	0.1709037
2.437500	0.1025422
2.458333	0.1171911
2.479167	0.1892148
2.504167	0.2050844
2.520833	0.1733451
2.533333	0.0976592
2.545833	0.1171911
2.554167	0.1916562
2.562500	0.2014222
2.570833	0.1672414
2.583333	0.1013215
2.595833	0.1159703
2.608333	0.1855525
2.616667	0.2063051
2.629167	0.1648000
2.637500	0.0952177
2.654167	0.1147496
2.666667	0.1892148
2.683333	0.2038636
2.708333	0.1660207
2.733333	0.0976592
2.758333	0.1147496
2.783333	0.1916562
2.812500	0.2063051
2.841667	0.1696829
2.870833	0.1025422
2.900000	0.1232948
2.933333	0.1977599
2.962500	0.2148503
3.000000	0.1782281
3.037500	0.1098666
3.079167	0.1306192
3.120833	0.2124088
3.162500	0.2246162
3.200000	0.1928770
3.233333	0.1269570
3.266667	0.1489303
3.295833	0.2233955
3.329167	0.2441481
3.358333	0.2026429
3.395833	0.1318400
3.420833	0.1599170
3.450000	0.2319407
3.475000	0.2478103
3.495833	0.2087466
3.520833	0.1428266
3.537500	0.1623585
3.554167	0.2404859
3.570833	0.2490310
3.591667	0.2075259
3.608333	0.1501511
3.629167	0.1611377
3.650000	0.2343822
3.675000	0.2514725
3.695833	0.2075259
3.716667	0.1330607
3.741667	0.1562548
3.766667	0.2356029
3.787500	0.2392651
3.808333	0.1977599
3.833333	0.1367229
3.854167	0.1489303
3.879167	0.2258370
3.904167	0.2343822
3.929167	0.1879940
3.958333	0.1196326
3.987500	0.1367229
4.020833	0.2099673
4.054167	0.2172918
4.087500	0.1757866
4.120833	0.1086459
4.158333	0.1269570
4.191667	0.2050844
4.220833	0.2099673
4.250000	0.1648000
4.279167	0.1086459
4.304167	0.1232948
4.329167	0.2002014
4.358333	0.2087466
4.383333	0.1648000
4.412500	0.1013215
4.441667	0.1208533
4.466667	0.2050844
4.491667	0.2075259
4.516667	0.1672414
4.541667	0.1049837
4.562500	0.1220740
4.587500	0.2075259
4.616667	0.2148503
4.645833	0.1721244
4.670833	0.1147496
4.700000	0.1367229
4.729167	0.2148503
4.754167	0.2282785
4.783333	0.1831111
4.812500	0.1269570
4.837500	0.1550340
4.866667	0.2319407
4.895833	0.2380444
4.929167	0.1965392
4.962500	0.1428266
4.995833	0.1599170
5.037500	0.2417066
5.079167	0.2551347
5.116667	0.2050844
5.162500	0.1513718
5.204167	0.1770074
5.250000	0.2551347
5.291667	0.2587970
5.333333	0.2099673
5.383333	0.1562548
5.429167	0.1672414
5.470833	0.2441481
5.516667	0.2478103
5.562500	0.1953185
5.604167	0.1379437
5.654167	0.1562548
5.700000	0.2246162
5.737500	0.2282785
5.770833	0.1770074
5.804167	0.1171911
5.837500	0.1416059
5.870833	0.2136296
5.900000	0.2148503
5.929167	0.1660207
5.954167	0.1123081
5.979167	0.1293985
6.004167	0.2050844
6.025000	0.2172918
6.054167	0.1562548
6.075000	0.1074252
6.104167	0.1281777
6.133333	0.2075259
6.170833	0.2099673
6.208333	0.1660207
6.245833	0.1135289
6.283333	0.1355022
6.325000	0.2221747
6.358333	0.2282785
6.400000	0.1745659
6.433333	0.1318400
6.470833	0.1586962
6.504167	0.2429273
6.541667	0.2502518
6.579167	0.1965392
6.612500	0.1513718
6.645833	0.1806696
6.679167	0.2600177
6.712500	0.2612384
6.741667	0.2172918
6.775000	0.1684622
6.800000	0.1879940
6.829167	0.2722251
6.858333	0.2758873
6.883333	0.2148503
6.908333	0.1709037
6.933333	0.1965392
6.950000	0.2746666
6.975000	0.2746666
6.995833	0.2197333
7.020833	0.1757866
7.045833	0.1892148
7.070833	0.2734458
7.104167	0.2685629
7.133333	0.2087466
7.162500	0.1648000
7.191667	0.1806696
7.212500	0.2624592
7.237500	0.2600177
7.258333	0.1977599
7.283333	0.1513718
7.304167	0.1733451
7.329167	0.2478103
7.345833	0.2453688
7.366667	0.1916562
7.387500	0.1403851
7.408333	0.1586962
7.433333	0.2368236
7.458333	0.2331614
7.483333	0.1684622
7.512500	0.1257363
7.541667	0.1525925
7.575000	0.2209540
7.608333	0.2197333
7.641667	0.1611377
7.675000	0.1171911
7.708333	0.1367229
7.741667	0.2197333
7.775000	0.2197333
7.808333	0.1586962
7.833333	0.1245155
7.858333	0.1464888
7.883333	0.2319407
7.908333	0.2294992
7.937500	0.1660207
7.962500	0.1281777
7.991667	0.1574755
8.016667	0.2392651
8.045833	0.2429273
8.070833	0.1904355
8.095833	0.1477096
8.125000	0.1721244
8.150000	0.2636799
8.175000	0.2563555
8.204167	0.2014222
8.233333	0.1733451
8.262500	0.2002014
8.291667	0.2746666
8.316667	0.2783288
8.341667	0.2221747
8.358333	0.1843318
8.379167	0.2124088
8.395833	0.2966399
8.412500	0.2954192
8.429167	0.2343822
8.445833	0.2002014
8.462500	0.2221747
8.483333	0.3064058
8.504167	0.3064058
8.525000	0.2404859
8.550000	0.2075259
8.570833	0.2319407
8.591667	0.3125095
8.612500	0.3064058
8.637500	0.2404859
8.658333	0.2075259
8.683333	0.2282785
8.708333	0.3137303
8.733333	0.3003021
8.762500	0.2343822
8.791667	0.2050844
8.820833	0.2246162
8.850000	0.2941984
8.879167	0.2880947
8.908333	0.2148503
8.933333	0.1782281
8.958333	0.2002014
8.987500	0.2734458
9.012500	0.2685629
9.037500	0.1953185
9.062500	0.1599170
9.087500	0.1770074
9.112500	0.2526933
9.129167	0.2478103
9.145833	0.1770074
9.170833	0.1452681
9.195833	0.1660207
9.216667	0.2429273
9.237500	0.2343822
9.262500	0.1660207
9.287500	0.1269570
9.312500	0.1501511
9.337500	0.2368236
9.362500	0.2197333
9.387500	0.1501511
9.408333	0.1196326
9.425000	0.1428266
9.445833	0.2160710
9.462500	0.2148503
9.487500	0.1464888
9.508333	0.1147496
9.533333	0.1416059
9.558333	0.2160710
9.583333	0.2099673
9.612500	0.1452681
9.637500	0.1171911
9.666667	0.1452681
9.700000	0.2282785
9.729167	0.2221747
9.762500	0.1562548
9.795833	0.1428266
9.829167	0.1660207
9.862500	0.2490310
9.895833	0.2490310
9.920833	0.1867733
9.950000	0.1623585
9.979167	0.1928770
10.004167	0.2844325
10.029167	0.2734458
10.050000	0.2087466
10.070833	0.1867733
10.095833	0.2099673
10.120833	0.2941984
10.145833	0.2929777
10.170833	0.2294992
10.200000	0.1989807
10.220833	0.2331614
10.241667	0.3112888
10.262500	0.3039644
10.283333	0.2380444
10.300000	0.2087466
10.320833	0.2343822
10.337500	0.3149510
10.358333	0.3088473
10.383333	0.2343822
10.408333	0.2111881
10.429167	0.2380444
10.454167	0.3137303
10.479167	0.3100681
10.504167	0.2356029
10.529167	0.2050844
10.554167	0.2307199
10.579167	0.3064058
10.600000	0.2929777
10.625000	0.2197333
10.645833	0.1977599
10.666667	0.2136296
10.691667	0.2868740
10.712500	0.2758873
10.733333	0.2050844
10.754167	0.1745659
10.775000	0.1977599
10.791667	0.2673421
10.812500	0.2539140
10.829167	0.1855525
10.845833	0.1574755
10.866667	0.1879940
10.883333	0.2612384
10.904167	0.2453688
10.925000	0.1721244
10.945833	0.1525925
10.966667	0.1770074
10.991667	0.2490310
11.012500	0.2417066
11.037500	0.1672414
11.054167	0.1379437
11.070833	0.1757866
11.087500	0.2490310
11.104167	0.2343822
11.120833	0.1648000
11.137500	0.1477096
11.158333	0.1672414
11.179167	0.2490310
11.200000	0.2343822
11.225000	0.1623585
11.250000	0.1501511
11.270833	0.1831111
11.295833	0.2563555
11.316667	0.2453688
11.341667	0.1794488
11.366667	0.1648000
11.391667	0.1953185
11.416667	0.2771081
11.445833	0.2673421
11.470833	0.2075259
11.491667	0.1965392
11.516667	0.2258370
11.545833	0.3100681
11.575000	0.3149510
11.600000	0.2453688
11.629167	0.2343822
11.654167	0.2673421
11.679167	0.3454695
11.704167	0.3393658
11.729167	0.2758873
11.754167	0.2649007
11.783333	0.2917570
11.808333	0.3711051
11.837500	0.3698843
11.858333	0.2978607
11.883333	0.2893155
11.900000	0.3210547
11.916667	0.3918577
11.937500	0.3784295
11.958333	0.3088473
11.983333	0.2868740
12.008333	0.3222755
12.037500	0.3906369
12.075000	0.3711051
12.108333	0.2990814
12.150000	0.2783288
12.187500	0.3015229
12.225000	0.3637806
12.262500	0.3491317
12.300000	0.2624592
12.337500	0.2319407
12.375000	0.2636799
12.412500	0.3259377
12.450000	0.3015229
12.491667	0.2197333
12.533333	0.1940977
12.570833	0.2172918
12.595833	0.2844325
12.629167	0.2697836
12.662500	0.1855525
12.695833	0.1696829
12.729167	0.1953185
12.758333	0.2636799
12.787500	0.2490310
12.816667	0.1733451
12.837500	0.1562548
12.866667	0.1879940
12.891667	0.2587970
12.925000	0.2502518
12.958333	0.1843318
13.000000	0.1709037
13.041667	0.2063051
13.066667	0.2868740
13.100000	0.2819910
13.129167	0.2136296
13.158333	0.2038636
13.183333	0.2465896
13.204167	0.3222755
13.220833	0.3161718
13.237500	0.2490310
13.258333	0.2392651
13.275000	0.2734458
13.291667	0.3527940
13.308333	0.3418073
13.333333	0.2685629
13.354167	0.2673421
13.383333	0.3064058
13.416667	0.3857540
13.450000	0.3796503
13.483333	0.3088473
13.520833	0.3027436
13.558333	0.3430280
13.591667	0.4126102
13.625000	0.3979614
13.658333	0.3283792
13.687500	0.3186132
13.720833	0.3454695
13.745833	0.4138310
13.770833	0.3942991
13.791667	0.3173925
13.812500	0.3015229
13.833333	0.3357036
13.854167	0.3942991
13.875000	0.3784295
13.895833	0.3015229
13.916667	0.2758873
13.941667	0.3076266
13.962500	0.3747673
13.983333	0.3601184
14.000000	0.2807703
14.020833	0.2587970
14.041667	0.2819910
14.058333	0.3442488
14.079167	0.3271584
14.108333	0.2404859
14.137500	0.2209540
14.162500	0.2453688
14.195833	0.3027436
14.225000	0.2758873
14.254167	0.2002014
14.279167	0.1806696
14.308333	0.2099673
14.337500	0.2832118
14.362500	0.2612384
14.379167	0.1794488
14.400000	0.1696829
14.416667	0.2002014
14.437500	0.2649007
14.454167	0.2563555
14.475000	0.1818903
14.500000	0.1611377
14.516667	0.1989807
14.541667	0.2685629
14.566667	0.2563555
14.595833	0.1855525
14.616667	0.1794488
14.645833	0.2221747
14.670833	0.2966399
14.704167	0.2941984
14.737500	0.2246162
14.766667	0.2282785
14.800000	0.2795495
14.829167	0.3564562
14.862500	0.3588977
14.891667	0.2941984
14.925000	0.2966399
14.958333	0.3491317
14.991667	0.4370251
15.029167	0.4321421
15.066667	0.3650014
15.104167	0.3698843
15.137500	0.4187140
15.170833	0.4980621
15.204167	0.4992828
15.233333	0.4260384
15.270833	0.4138310
15.308333	0.4602191
15.341667	0.5224769
15.383333	0.5029450
15.425000	0.4248177
15.466667	0.4089480
15.512500	0.4358043
15.554167	0.4895169
15.587500	0.4651021
15.620833	0.3711051
15.654167	0.3479110
15.683333	0.3625599
15.708333	0.4101688
15.741667	0.3881954
15.770833	0.2880947
15.804167	0.2649007
15.829167	0.2868740
15.858333	0.3479110
15.887500	0.3210547
15.916667	0.2307199
15.945833	0.2136296
15.970833	0.2343822
16.000000	0.2929777
16.033333	0.2710044
16.066667	0.1892148
16.100000	0.1709037
16.133333	0.2111881
16.162500	0.2819910
16.195833	0.2722251
16.225000	0.2087466
16.258333	0.2050844
16.291667	0.2539140
16.320833	0.3369243
16.354167	0.3418073
16.387500	0.2832118
16.412500	0.2929777
16.441667	0.3491317
16.470833	0.4358043
16.504167	0.4443495
16.537500	0.3930784
16.570833	0.4089480
16.604167	0.4736473
16.633333	0.5713065
16.666667	0.5810724
16.700000	0.5298013
16.733333	0.5529954
16.770833	0.6103702
16.804167	0.7055879
16.833333	0.7092502
16.866667	0.6482131
16.904167	0.6433302
16.945833	0.6811731
16.983333	0.7568590
17.016667	0.7385479
17.054167	0.6701865
17.087500	0.6579791
17.116667	0.6860561
17.141667	0.7544176
17.162500	0.7348857
17.183333	0.6530961
17.204167	0.6274606
17.225000	0.6445509
17.245833	0.6933805
17.270833	0.6677450
17.291667	0.5737480
17.316667	0.5310221
17.337500	0.5456709
17.370833	0.5786309
17.404167	0.5273598
17.441667	0.4199347
17.483333	0.3833125
17.525000	0.3772088
17.566667	0.4065065
17.604167	0.3588977
17.645833	0.2478103
17.695833	0.2014222
17.758333	0.2172918
17.816667	0.2771081
17.866667	0.2612384
17.908333	0.2026429
17.945833	0.2050844
17.970833	0.2490310
17.987500	0.3357036
18.004167	0.3332621
18.020833	0.2722251
18.029167	0.2710044
18.045833	0.3161718
18.062500	0.3979614
18.087500	0.4065065
18.116667	0.3576769
18.150000	0.3845332
18.183333	0.4675436
18.220833	0.5725272
18.262500	0.6054872
18.304167	0.5871761
18.341667	0.6274606
18.387500	0.7116916
18.433333	0.8252205
18.475000	0.8557390
18.520833	0.8252205
18.566667	0.8703879
18.616667	0.9668264
18.666667	1.0644856
18.695833	1.0547197
18.725000	0.9851375
18.745833	0.9656056
18.770833	0.9863582
18.800000	1.0522782
18.825000	1.0254219
18.854167	0.9387494
18.887500	0.9082308
18.912500	0.9179968
18.937500	0.9582812
18.962500	0.9179968
18.987500	0.8117924
19.016667	0.7654042
19.045833	0.7654042
19.079167	0.7947020
19.108333	0.7519761
19.133333	0.6482131
19.154167	0.6054872
19.175000	0.6091494
19.195833	0.6445509
19.220833	0.5932798
19.245833	0.4663228
19.283333	0.4089480
19.320833	0.4004028
19.354167	0.4297006
19.387500	0.3906369
19.425000	0.2893155
19.458333	0.2575762
19.491667	0.2771081
19.525000	0.3381451
19.558333	0.3283792
19.591667	0.2600177
19.616667	0.2636799
19.645833	0.3088473
19.666667	0.3942991
19.691667	0.3979614
19.716667	0.3393658
19.737500	0.3503525
19.758333	0.4077273
19.783333	0.4980621
19.812500	0.5090487
19.841667	0.4834132
19.870833	0.5188147
19.904167	0.6103702
19.933333	0.7519761
19.966667	0.8130131
20.016667	0.2929777
20.037500	0.2929777
20.062500	0.2929777
20.091667	0.2929777
20.112500	0.3051851
20.129167	0.3173925
20.154167	0.3906369
20.179167	0.2929777
20.208333	0.2929777
20.241667	0.2929777
20.275000	0.2929777
20.304167	0.2929777
20.337500	0.2929777
20.366667	0.2807703
20.395833	0.2441481
20.412500	0.2319407
20.433333	0.2807703
20.450000	0.2197333
20.475000	0.1953185
20.495833	0.1953185
20.516667	0.2075259
20.533333	0.1953185
20.554167	0.1953185
20.579167	0.1831111
20.604167	0.1953185
20.629167	0.1953185
20.650000	0.1586962
20.666667	0.1342814
20.679167	0.1342814
20.695833	0.0976592
20.708333	0.0976592
20.720833	0.1831111
20.733333	0.0976592
20.745833	0.0976592
20.758333	0.0976592
20.775000	0.0854518
20.791667	0.0976592
20.812500	0.0854518
20.825000	0.0976592
20.841667	0.0854518
20.854167	0.0488296
20.862500	0.0732444
20.875000	0.0244148
20.883333	0.0366222
20.895833	0.0610370
20.904167	0.0976592
20.920833	0.0732444
20.933333	0.0488296
20.950000	0.0610370
20.962500	0.0488296
20.975000	0.0244148
20.987500	0.0488296
21.000000	0.0976592
21.020833	0.0488296
21.041667	0.0976592
21.066667	0.0976592
21.087500	0.0976592
21.116667	0.0854518
21.137500	0.0976592
21.170833	0.1220740
21.200000	0.1586962
21.229167	0.1953185
21.266667	0.1953185
21.295833	0.2807703
21.320833	0.2563555
21.341667	0.2929777
21.362500	0.3295999
21.387500	0.3540147
21.416667	0.3418073
21.450000	0.3906369
21.487500	0.4516739
21.520833	0.4760887
21.558333	0.4882962
21.587500	0.5005036
21.616667	0.5859554
21.645833	0.5859554
21.670833	0.6591998
21.695833	0.6836146
21.720833	0.6958220
21.741667	0.7690664
21.770833	0.7812738
21.791667	0.7812738
21.812500	0.8178961
21.837500	0.8301035
21.858333	0.8789331
21.883333	0.8789331
21.904167	0.8789331
21.933333	0.8789331
21.945833	0.8789331
21.966667	0.8789331
21.983333	0.8789331
22.000000	0.8789331
22.025000	0.8178961
22.050000	0.7812738
22.079167	0.7812738
22.104167	0.7812738
22.137500	0.7202368
22.170833	0.6591998
22.191667	0.6225776
22.225000	0.5737480
22.258333	0.5249184
22.279167	0.4882962
22.312500	0.4516739
22.333333	0.3906369
22.354167	0.3906369
22.370833	0.3295999
22.391667	0.2929777
22.412500	0.2929777
22.437500	0.2441481
22.462500	0.2197333
22.483333	0.1831111
22.508333	0.1831111
22.533333	0.1220740
22.554167	0.1098666
22.575000	0.0976592
22.591667	0.0976592
22.604167	0.0976592
22.620833	0.0732444
22.641667	0.0854518
22.650000	0.0732444
22.666667	0.0976592
22.683333	0.0976592
22.704167	0.0976592
22.725000	0.1098666
22.745833	0.1586962
22.770833	0.1953185
22.795833	0.2807703
22.820833	0.2929777
22.841667	0.3906369
22.854167	0.4028443
22.875000	0.5005036
22.891667	0.5737480
22.904167	0.6103702
22.925000	0.6836146
22.941667	0.7934812
22.954167	0.8789331
22.970833	0.9765923
22.983333	1.0742515
22.995833	1.1719108
23.012500	1.2207404
23.029167	1.3672292
23.050000	1.5137181
23.062500	1.5747551
23.075000	1.6968291
23.091667	1.8555254
23.108333	1.9531846
23.125000	2.1362957
23.137500	2.2461623
23.150000	2.4414808
23.162500	2.5635548
23.179167	2.7344584
23.195833	2.8809473
23.212500	3.1128880
23.225000	3.3082064
23.245833	3.5157323
23.262500	3.7110508
23.279167	3.9063692
23.291667	4.0406507
23.312500	4.2603839
23.329167	4.4923246
23.345833	4.7120579
23.366667	4.9562059
23.383333	5.2491836
23.400000	5.4689169
23.416667	5.7008576
23.437500	5.9572130
23.454167	6.2501907
23.470833	6.4577166
23.483333	6.7384869
23.504167	7.0192572
23.520833	7.2145756
23.541667	7.4221015
23.566667	7.8127384
23.587500	8.1057161
23.608333	8.3986938
23.620833	8.6916715
23.637500	8.9846492
23.650000	9.2654195
23.662500	9.4729453
23.670833	9.6682638
23.679167	9.7781304
23.691667	9.9368267
23.700000	10.1321451
23.708333	10.2908414
23.720833	10.3518784
23.733333	10.5471969
23.745833	10.7425153
23.758333	10.9378338
23.775000	11.1331523
23.795833	11.4139225
23.812500	11.6214484
23.833333	11.8411817
23.854167	12.1097446
23.879167	12.5003815
23.904167	12.8299814
23.929167	13.0863369
23.954167	13.4159368
23.979167	13.7943663
24.004167	14.1605884
24.020833	14.4535661
24.037500	14.6855068
24.058333	14.8442030
24.075000	15.0028993
24.095833	15.2348399
24.108333	15.4301584
24.129167	15.6254769
24.145833	15.7353435
24.166667	15.8330027
24.187500	16.1015656
24.204167	16.3090915
24.220833	16.6386914
24.229167	16.8828394
24.237500	16.9927061
24.245833	17.0903653
24.254167	17.1880245
24.262500	17.0537431
24.275000	16.9927061
24.291667	16.8095950
24.312500	16.6997284
24.329167	16.6997284
24.350000	16.7241432
24.379167	16.7363506
24.412500	16.7241432
24.445833	16.7241432
24.487500	16.8950468
24.525000	16.8462172
24.558333	16.7973876
24.595833	16.6020692
24.620833	16.4799951
24.654167	16.3945433
24.679167	16.3701285
24.695833	16.2968841
24.720833	15.9428694
24.745833	15.7231361
24.775000	15.4423658
24.804167	15.1493881
24.829167	14.9418622
24.850000	14.7465438
24.862500	14.4535661
24.879167	14.2582476
24.895833	13.9896847
24.916667	13.5746330
24.933333	13.1839961
24.950000	12.9520554
24.966667	12.7445296
24.979167	12.5247963
24.991667	12.2074038
25.012500	11.9388409
25.029167	11.5237892
25.050000	11.1453597
25.070833	10.7791375
25.095833	10.3640858
25.116667	9.9734489
25.141667	9.6438490
25.166667	9.2410047
25.191667	8.7893307
25.220833	8.3254494
25.245833	7.9103977
25.270833	7.5197607
25.287500	7.1291238
25.308333	6.7995239
25.325000	6.5553758
25.341667	6.2623981
25.354167	6.0304575
25.375000	5.7374798
25.395833	5.3712577
25.416667	5.0538652
25.425000	4.7853023
25.445833	4.5655690
25.462500	4.2725913
25.483333	4.0040284
25.504167	3.7720878
25.516667	3.6133915
25.541667	3.3570360
25.558333	3.1250954
25.575000	2.9175695
25.604167	2.6856288
25.616667	2.5391400
25.629167	2.4048585
25.641667	2.3438215
25.658333	2.1362957
25.670833	1.9531846
25.687500	1.8066958
25.708333	1.6602069
25.725000	1.5503403
25.741667	1.3672292
25.758333	1.3061922
25.770833	1.1719108
25.787500	1.0986663
25.800000	0.9765923
25.825000	0.8789331
25.841667	0.8056887
25.862500	0.7080294
25.879167	0.6836146
25.895833	0.5859554
25.912500	0.4882962
25.929167	0.4760887
25.950000	0.3906369
25.966667	0.3295999
25.987500	0.2929777
26.012500	0.2563555
26.033333	0.1953185
26.054167	0.1464888
26.079167	0.1220740
26.100000	0.1586962
26.125000	0.0976592
26.150000	0.0976592
26.175000	0.0976592
26.195833	0.0976592
26.220833	0.0976592
26.245833	0.1098666
26.266667	0.1831111
26.291667	0.1831111
26.312500	0.1953185
26.329167	0.2075259
26.358333	0.2807703
26.383333	0.2929777
26.412500	0.3418073
26.441667	0.3906369
26.470833	0.4272591
26.500000	0.4760887
26.520833	0.4882962
26.541667	0.5493332
26.558333	0.5981628
26.583333	0.6347850
26.604167	0.6836146
26.625000	0.6836146
26.641667	0.7568590
26.662500	0.7812738
26.683333	0.8178961
26.704167	0.8667257
26.720833	0.8789331
26.745833	0.9399701
26.762500	0.9277627
26.783333	0.9521775
26.804167	0.9765923
26.820833	0.9765923
26.841667	0.9765923
26.858333	1.0010071
26.879167	1.0742515
26.900000	0.9765923
26.920833	0.9765923
26.937500	0.9765923
26.962500	0.9765923
26.983333	0.9643849
27.008333	0.8789331
27.037500	0.8911405
27.062500	0.8789331
27.091667	0.8789331
27.120833	0.8301035
27.141667	0.8423109
27.162500	0.7812738
27.183333	0.7812738
27.200000	0.7812738
27.225000	0.7324442
27.245833	0.6836146
27.262500	0.6836146
27.283333	0.6958220
27.300000	0.6836146
27.316667	0.6591998
27.329167	0.6714072
27.341667	0.6103702
27.354167	0.6103702
27.362500	0.5859554
27.375000	0.6469924
27.383333	0.5859554
27.391667	0.5737480
27.408333	0.5371258
27.429167	0.4882962
27.445833	0.4882962
27.462500	0.4272591
27.483333	0.4394665
27.500000	0.3906369
27.520833	0.3906369
27.541667	0.3540147
27.562500	0.3051851
27.583333	0.2807703
27.595833	0.2929777
27.608333	0.2929777
27.620833	0.2807703
27.633333	0.2075259
27.645833	0.1953185
27.662500	0.2075259
27.679167	0.1953185
27.700000	0.1953185
27.720833	0.1709037
27.745833	0.1464888
27.766667	0.1342814
27.787500	0.0976592
27.804167	0.1831111
27.816667	0.0976592
27.837500	0.0976592
27.854167	0.0976592
27.866667	0.0976592
27.883333	0.0976592
27.900000	0.0732444
27.916667	0.0976592
27.929167	0.0976592
27.945833	0.0976592
27.966667	0.0976592
27.979167	0.0976592
27.991667	0.0976592
28.004167	0.0976592
28.020833	0.0976592
28.037500	0.0976592
28.062500	0.0976592
28.079167	0.0976592
28.108333	0.0976592
28.129167	0.0976592
28.150000	0.0976592
28.175000	0.1342814
28.200000	0.1220740
28.229167	0.1831111
28.254167	0.1953185
28.279167	0.1831111
28.295833	0.1953185
28.316667	0.1953185
28.337500	0.2685629
28.358333	0.2075259
28.375000	0.2075259
28.391667	0.2563555
28.412500	0.2929777
28.433333	0.2807703
28.458333	0.2685629
28.483333	0.2807703
28.508333	0.2319407
28.537500	0.2929777
28.562500	0.2929777
28.583333	0.3540147
28.600000	0.2929777
28.616667	0.2929777
28.633333	0.2929777
28.650000	0.3418073
28.666667	0.3540147
28.683333	0.3295999
28.695833	0.3662221
28.708333	0.3418073
28.720833	0.3540147
28.733333	0.3784295
28.750000	0.3784295
28.770833	0.2929777
28.791667	0.3051851
28.816667	0.3906369
28.841667	0.3051851
28.870833	0.2929777
28.895833	0.2929777
28.929167	0.2929777
28.962500	0.2929777
28.991667	0.2929777
29.016667	0.2929777
29.041667	0.2929777
29.066667	0.2319407
29.091667	0.2807703
29.116667	0.2685629
29.141667	0.2441481
29.166667	0.2075259
29.187500	0.2319407
29.212500	0.1953185
29.229167	0.1953185
29.245833	0.1953185
29.262500	0.1953185
29.283333	0.1709037
29.300000	0.1831111
29.316667	0.1586962
29.333333	0.0976592
29.350000	0.1220740
29.370833	0.0976592
29.387500	0.1464888
29.408333	0.0976592
29.433333	0.0976592
29.458333	0.0976592
29.483333	0.0976592
29.508333	0.0976592
29.520833	0.0976592
29.533333	0.0976592
29.545833	0.0488296
29.562500	0.0366222
29.583333	0.0976592
29.604167	0.0854518
29.629167	0.0488296
29.654167	0.0610370
29.675000	0.0976592
29.700000	0.0854518
29.725000	0.0610370
29.745833	0.0122074
29.770833	0.0366222
29.795833	0.0244148
29.825000	0.0366222
29.850000	0.0854518
29.870833	0.0610370
29.895833	0.0732444
29.925000	0.0854518
29.950000	0.0488296
29.975000	0.0976592
30.008333	0.0610370
30.041667	0.0610370
30.079167	0.0976592
30.116667	0.0976592
30.137500	0.0976592
30.162500	0.1098666
30.183333	0.0976592
30.195833	0.0976592
30.212500	0.0976592
30.225000	0.1220740
30.241667	0.0976592
30.250000	0.0976592
30.266667	0.1586962
30.283333	0.1586962
30.304167	0.1098666
30.320833	0.1220740
30.341667	0.1342814
30.366667	0.1586962
30.391667	0.1709037
30.420833	0.1953185
30.445833	0.1586962
30.470833	0.1342814
30.495833	0.1953185
30.520833	0.1953185
30.545833	0.1953185
30.566667	0.1831111
30.583333	0.1953185
30.600000	0.1953185
30.616667	0.1953185
30.633333	0.1953185
30.658333	0.1953185
30.679167	0.1953185
30.704167	0.1831111
30.720833	0.1953185
30.745833	0.1831111
30.766667	0.1464888
30.791667	0.1831111
30.816667	0.1831111
30.837500	0.1831111
30.858333	0.1586962
30.879167	0.1464888
30.895833	0.1342814
30.920833	0.1342814
30.937500	0.1464888
30.950000	0.1709037
30.970833	0.0976592
31.000000	0.1220740
31.025000	0.0976592
31.058333	0.0976592
31.091667	0.1098666
31.125000	0.0976592
31.162500	0.0976592
31.200000	0.0976592
31.241667	0.0976592
31.275000	0.0976592
31.300000	0.0976592
31.333333	0.0976592
31.358333	0.0732444
31.379167	0.0976592
31.412500	0.0732444
31.437500	0.0610370
31.466667	0.0732444
31.495833	0.0366222
31.529167	0.0854518
31.558333	0.0854518
31.591667	0.0610370
31.616667	0.0610370
31.641667	0.0488296
31.666667	0.0854518
31.700000	0.0854518
31.733333	0.0488296
31.762500	0.0244148
31.787500	0.0976592
31.816667	0.0976592
31.837500	0.0854518
31.866667	0.0976592
31.900000	0.0854518
31.933333	0.0976592
31.966667	0.0976592
31.995833	0.0976592
32.045833	0.5432295
32.062500	0.6421094
32.083333	0.6616413
32.100000	0.6347850
32.125000	0.6482131
32.145833	0.7104709
32.166667	0.8264412
32.187500	0.8508560
32.204167	0.8154546
32.216667	0.8301035
32.237500	0.8789331
32.254167	0.9936827
32.275000	1.0315256
32.291667	1.0034486
32.312500	1.0180975
32.329167	1.1011078
32.350000	1.2195196
32.370833	1.2537004
32.387500	1.2341685
32.408333	1.2500381
32.425000	1.3025300
32.445833	1.4075137
32.466667	1.4258248
32.483333	1.3879818
32.500000	1.3940855
32.520833	1.4465773
32.533333	1.5430158
32.554167	1.5662099
32.570833	1.5283670
32.591667	1.5320292
32.612500	1.5869625
32.629167	1.7004913
32.650000	1.7310099
32.675000	1.6919462
32.700000	1.6882839
32.733333	1.7200232
32.762500	1.7993713
32.783333	1.7920469
32.804167	1.7175817
32.829167	1.6650899
32.850000	1.6626484
32.870833	1.7175817
32.895833	1.6870632
32.916667	1.6016114
32.937500	1.5710929
32.954167	1.5735343
32.975000	1.6187017
32.987500	1.5833003
33.008333	1.4807581
33.025000	1.4233833
33.045833	1.4062929
33.070833	1.4294870
33.095833	1.3867611
33.120833	1.2781152
33.150000	1.2121952
33.175000	1.2060915
33.208333	1.2500381
33.241667	1.1963256
33.275000	1.0876797
33.295833	1.0217597
33.320833	0.9851375
33.350000	1.0132145
33.375000	0.9595019
33.400000	0.8386486
33.416667	0.7715079
33.437500	0.7605213
33.458333	0.8081301
33.479167	0.7702872
33.500000	0.6762902
33.520833	0.6152532
33.541667	0.6030457
33.562500	0.6591998
33.587500	0.6250191
33.612500	0.5322428
33.637500	0.4870754
33.662500	0.4943999
33.683333	0.5578784
33.700000	0.5529954
33.725000	0.4882962
33.754167	0.4577776
33.783333	0.4882962
33.816667	0.5822932
33.845833	0.5945006
33.875000	0.5615406
33.912500	0.5664235
33.945833	0.6164739
33.983333	0.7373272
34.008333	0.7727287
34.037500	0.7373272
34.066667	0.7373272
34.087500	0.7947020
34.116667	0.9057894
34.137500	0.9302042
34.162500	0.8911405
34.183333	0.8764916
34.208333	0.9118931
34.233333	1.0046693
34.258333	1.0095523
34.283333	0.9582812
34.308333	0.9363079
34.329167	0.9595019
34.350000	1.0437330
34.375000	1.0486160
34.400000	0.9900204
34.416667	0.9631642
34.437500	0.9924619
34.458333	1.0644856
34.479167	1.0669271
34.504167	1.0010071
34.529167	0.9729301
34.558333	0.9961241
34.591667	1.0840175
34.616667	1.0876797
34.650000	1.0229804
34.683333	0.9912412
34.716667	1.0058901
34.745833	1.0754723
34.775000	1.0657064
34.804167	1.0071108
34.833333	0.9546190
34.858333	0.9668264
34.887500	1.0364086
34.920833	1.0168767
34.958333	0.9460738
34.995833	0.8874783
35.037500	0.8850368
35.075000	0.9424116
35.108333	0.9179968
35.129167	0.8362072
35.154167	0.7812738
35.175000	0.7898190
35.195833	0.8484146
35.212500	0.8337657
35.229167	0.7727287
35.245833	0.7287820
35.262500	0.7397687
35.287500	0.8178961
35.316667	0.8117924
35.345833	0.7446516
35.379167	0.7031465
35.412500	0.7226783
35.450000	0.7959227
35.479167	0.8008057
35.508333	0.7397687
35.529167	0.6933805
35.558333	0.7092502
35.579167	0.7861568
35.600000	0.7837153
35.620833	0.7287820
35.641667	0.6933805
35.658333	0.7129124
35.679167	0.7983642
35.695833	0.8044679
35.716667	0.7483139
35.729167	0.7104709
35.741667	0.7434309
35.758333	0.8227790
35.770833	0.8301035
35.787500	0.7898190
35.800000	0.7495346
35.816667	0.7739494
35.829167	0.8630634
35.845833	0.8764916
35.858333	0.8215583
35.875000	0.7910398
35.891667	0.8166753
35.912500	0.8972442
35.929167	0.9094516
35.941667	0.8667257
35.958333	0.8227790
35.970833	0.8508560
35.987500	0.9375286
36.000000	0.9436323
36.012500	0.8972442
36.020833	0.8606220
36.029167	0.8789331
36.037500	0.9704886
36.045833	0.9741508
36.050000	0.9204382
36.058333	0.8752709
36.070833	0.8984649
36.083333	0.9802545
36.095833	0.9851375
36.112500	0.9460738
36.125000	0.8984649
36.145833	0.9204382
36.162500	1.0119938
36.179167	1.0180975
36.204167	0.9729301
36.225000	0.9326456
36.254167	0.9533982
36.287500	1.0290841
36.312500	1.0327464
36.337500	0.9863582
36.362500	0.9302042
36.387500	0.9472945
36.404167	1.0242012
36.425000	1.0254219
36.441667	0.9753716
36.458333	0.9106723
36.479167	0.9131138
36.504167	0.9802545
36.529167	0.9704886
36.554167	0.9021271
36.583333	0.8337657
36.616667	0.8313242
36.650000	0.8801538
36.679167	0.8606220
36.687500	0.8008057
36.708333	0.7202368
36.733333	0.7275613
36.750000	0.7885983
36.770833	0.7763909
36.791667	0.7177953
36.816667	0.6433302
36.837500	0.6347850
36.866667	0.6787317
36.891667	0.6689657
36.925000	0.5908383
36.950000	0.5078280
36.983333	0.5029450
37.016667	0.5505539
37.045833	0.5322428
37.066667	0.4736473
37.087500	0.3967406
37.108333	0.3967406
37.133333	0.4602191
37.162500	0.4492325
37.191667	0.3845332
37.220833	0.3125095
37.254167	0.3125095
37.287500	0.3637806
37.320833	0.3576769
37.354167	0.3064058
37.387500	0.2307199
37.420833	0.2478103
37.445833	0.3259377
37.466667	0.3295999
37.491667	0.2905362
37.512500	0.2417066
37.537500	0.2587970
37.554167	0.3381451
37.575000	0.3576769
37.595833	0.3210547
37.616667	0.2624592
37.637500	0.2893155
37.658333	0.3698843
37.687500	0.3942991
37.708333	0.3711051
37.733333	0.3210547
37.762500	0.3564562
37.787500	0.4504532
37.816667	0.4858547
37.845833	0.4663228
37.866667	0.4382458
37.883333	0.4687643
37.904167	0.5554369
37.925000	0.5896176
37.950000	0.5652028
37.979167	0.5139317
38.012500	0.5590991
38.045833	0.6543168
38.075000	0.6884976
38.104167	0.6799524
38.133333	0.6445509
38.162500	0.6848354
38.191667	0.7898190
38.216667	0.8301035
38.241667	0.8081301
38.270833	0.7544176
38.295833	0.7885983
38.312500	0.8642842
38.325000	0.8984649
38.341667	0.8728294
38.358333	0.8178961
38.379167	0.8459731
38.395833	0.9314249
38.416667	0.9546190
38.433333	0.9363079
38.458333	0.8935820
38.479167	0.9167760
38.504167	1.0010071
38.533333	1.0339671
38.558333	0.9961241
38.587500	0.9375286
38.616667	0.9619434
38.645833	1.0437330
38.670833	1.0681478
38.695833	1.0412915
38.720833	0.9729301
38.745833	0.9961241
38.775000	1.0827967
38.804167	1.1145360
38.833333	1.0827967
38.862500	1.0058901
38.887500	1.0083316
38.912500	1.0693686
38.937500	1.0827967
38.966667	1.0473952
38.995833	0.9680471
39.025000	0.9753716
39.054167	1.0473952
39.083333	1.0766930
39.120833	1.0449538
39.150000	0.9595019
39.183333	0.9509568
39.216667	1.0144353
39.254167	1.0364086
39.287500	0.9863582
39.316667	0.9057894
39.341667	0.9350871
39.366667	0.9997864
39.391667	1.0266427
39.416667	0.9887997
39.445833	0.8984649
39.483333	0.9082308
39.516667	0.9765923
39.558333	0.9961241
39.595833	0.9582812
39.629167	0.8874783
39.650000	0.9082308
39.679167	0.9631642
39.704167	0.9839167
39.729167	0.9472945
39.758333	0.8703879
39.783333	0.8911405
39.812500	0.9509568
39.845833	0.9582812
39.883333	0.9314249
39.920833	0.8630634
39.954167	0.8691671
39.987500	0.9253212
40.020833	0.9546190
40.054167	0.9179968
40.095833	0.8325449
40.133333	0.8362072
40.166667	0.8972442
40.200000	0.9179968
40.229167	0.8825953
40.258333	0.7922605
40.295833	0.7812738
40.329167	0.8386486
40.358333	0.8471938
40.387500	0.8056887
40.416667	0.7190161
40.454167	0.7251198
40.491667	0.7739494
40.525000	0.7837153
40.562500	0.7409894
40.604167	0.6372265
40.637500	0.6237983
40.675000	0.6653035
40.700000	0.6738487
40.733333	0.6250191
40.766667	0.5310221
40.795833	0.5200354
40.833333	0.5627613
40.870833	0.5798517
40.908333	0.5322428
40.945833	0.4419080
40.975000	0.4394665
41.008333	0.4846339
41.041667	0.4980621
41.075000	0.4589984
41.112500	0.3588977
41.154167	0.3491317
41.175000	0.4040651
41.195833	0.4235969
41.216667	0.3918577
41.237500	0.3125095
41.258333	0.3125095
41.275000	0.3711051
41.300000	0.3955199
41.337500	0.3662221
41.370833	0.2734458
41.400000	0.2795495
41.429167	0.3320414
41.458333	0.3576769
41.491667	0.3393658
41.520833	0.2551347
41.558333	0.2612384
41.595833	0.3271584
41.637500	0.3613392
41.670833	0.3357036
41.700000	0.2600177
41.725000	0.2722251
41.745833	0.3295999
41.766667	0.3711051
41.787500	0.3527940
41.808333	0.2685629
41.833333	0.2807703
41.862500	0.3479110
41.891667	0.3894162
41.920833	0.3662221
41.945833	0.2880947
41.975000	0.2966399
42.000000	0.3625599
42.029167	0.4101688
42.058333	0.3845332
42.087500	0.3125095
42.112500	0.3247169
42.137500	0.3772088
42.166667	0.4162725
42.187500	0.4077273
42.208333	0.3186132
42.229167	0.3234962
42.254167	0.3833125
42.283333	0.4235969
42.308333	0.3991821
42.337500	0.3222755
42.366667	0.3295999
42.400000	0.3759880
42.416667	0.4223762
42.441667	0.3967406
42.470833	0.3125095
42.504167	0.3222755
42.537500	0.3723258
42.583333	0.4113895
42.625000	0.3845332
42.670833	0.2966399
42.695833	0.2929777
42.737500	0.3418073
42.770833	0.3881954
42.808333	0.3552355
42.837500	0.2673421
42.866667	0.2685629
42.895833	0.3064058
42.929167	0.3466903
42.958333	0.3222755
43.000000	0.2343822
43.037500	0.2343822
43.079167	0.2807703
43.116667	0.3173925
43.141667	0.2868740
43.166667	0.2087466
43.187500	0.2087466
43.212500	0.2502518
43.233333	0.3027436
43.250000	0.2783288
43.266667	0.1904355
43.283333	0.1965392
43.304167	0.2392651
43.320833	0.2868740
43.337500	0.2649007
43.358333	0.1831111
43.379167	0.1757866
43.395833	0.2221747
43.416667	0.2734458
43.437500	0.2502518
43.458333	0.1745659
43.475000	0.1709037
43.491667	0.2111881
43.512500	0.2636799
43.525000	0.2453688
43.541667	0.1635792
43.554167	0.1623585
43.570833	0.2124088
43.583333	0.2575762
43.600000	0.2404859
43.616667	0.1635792
43.633333	0.1611377
43.650000	0.2050844
43.666667	0.2636799
43.683333	0.2453688
43.700000	0.1611377
43.712500	0.1709037
43.729167	0.2087466
43.745833	0.2612384
43.758333	0.2502518
43.779167	0.1684622
43.791667	0.1672414
43.808333	0.2099673
43.833333	0.2697836
43.854167	0.2526933
43.875000	0.1806696
43.895833	0.1770074
43.920833	0.2136296
43.945833	0.2807703
43.970833	0.2685629
44.000000	0.1904355
44.029167	0.1916562
44.054167	0.2417066
44.075000	0.2941984
44.100000	0.2868740
44.125000	0.2148503
44.154167	0.2075259
44.183333	0.2490310
44.212500	0.3222755
44.241667	0.3051851
44.266667	0.2282785
44.287500	0.2307199
44.312500	0.2636799
44.341667	0.3259377
44.366667	0.3222755
44.400000	0.2441481
44.429167	0.2356029
44.466667	0.2771081
44.504167	0.3442488
44.537500	0.3259377
44.566667	0.2526933
44.591667	0.2478103
44.616667	0.2795495
44.650000	0.3491317
44.679167	0.3308206
44.708333	0.2526933
44.737500	0.2453688
44.762500	0.2771081
44.795833	0.3405866
44.825000	0.3247169
44.858333	0.2526933
44.891667	0.2356029
44.929167	0.2649007
44.966667	0.3320414
45.004167	0.3173925
45.041667	0.2356029
45.075000	0.2246162
45.108333	0.2453688
45.129167	0.3161718
45.158333	0.3051851
45.183333	0.2233955
45.208333	0.2063051
45.233333	0.2356029
45.254167	0.2966399
45.279167	0.2832118
45.300000	0.2111881
45.325000	0.1892148
45.350000	0.2148503
45.379167	0.2868740
45.404167	0.2661214
45.437500	0.1916562
45.470833	0.1757866
45.500000	0.1977599
45.520833	0.2612384
45.550000	0.2539140
45.579167	0.1818903
45.604167	0.1562548
45.633333	0.1867733
45.666667	0.2600177
45.700000	0.2478103
45.733333	0.1782281
45.766667	0.1623585
45.800000	0.1867733
45.829167	0.2575762
45.862500	0.2526933
45.895833	0.1721244
45.929167	0.1562548
45.966667	0.1916562
46.000000	0.2563555
46.037500	0.2478103
46.070833	0.1818903
46.108333	0.1611377
46.141667	0.1855525
46.175000	0.2673421
46.208333	0.2551347
46.237500	0.1867733
46.270833	0.1709037
46.304167	0.1965392
46.337500	0.2722251
46.366667	0.2734458
46.400000	0.2050844
46.437500	0.1782281
46.479167	0.2136296
46.516667	0.2905362
46.554167	0.2783288
46.591667	0.2197333
46.629167	0.1965392
46.670833	0.2221747
46.704167	0.2978607
46.733333	0.2917570
46.754167	0.2209540
46.775000	0.1965392
46.800000	0.2282785
46.820833	0.3015229
46.845833	0.3003021
46.870833	0.2319407
46.895833	0.2002014
46.925000	0.2246162
46.954167	0.3088473
46.983333	0.2941984
47.012500	0.2270577
47.037500	0.2063051
47.070833	0.2233955
47.091667	0.2954192
47.120833	0.2917570
47.150000	0.2172918
47.187500	0.1904355
47.220833	0.2148503
47.254167	0.2893155
47.283333	0.2734458
47.316667	0.2111881
47.358333	0.1818903
47.400000	0.1977599
47.445833	0.2746666
47.491667	0.2636799
47.525000	0.1953185
47.558333	0.1660207
47.600000	0.1879940
47.633333	0.2587970
47.670833	0.2563555
47.708333	0.1904355
47.741667	0.1538133
47.779167	0.1757866
47.812500	0.2514725
47.845833	0.2441481
47.879167	0.1782281
47.916667	0.1562548
47.950000	0.1672414
47.987500	0.2429273
48.025000	0.2453688
48.058333	0.1757866
48.095833	0.1440474
48.133333	0.1709037
48.170833	0.2490310
48.208333	0.2392651
48.241667	0.1855525
48.266667	0.1513718
48.291667	0.1684622
48.316667	0.2526933
48.341667	0.2478103
48.370833	0.1867733
48.395833	0.1562548
48.425000	0.1757866
48.458333	0.2526933
48.487500	0.2551347
48.520833	0.1953185
48.554167	0.1562548
48.587500	0.1855525
48.612500	0.2636799
48.641667	0.2551347
48.670833	0.2050844
48.700000	0.1696829
48.725000	0.1855525
48.754167	0.2661214
48.779167	0.2697836
48.812500	0.2063051
48.845833	0.1684622
48.879167	0.1953185
48.925000	0.2710044
48.950000	0.2636799
48.987500	0.2148503
49.020833	0.1721244
49.054167	0.1904355
49.083333	0.2734458
49.116667	0.2685629
49.150000	0.2136296
49.183333	0.1757866
49.216667	0.1879940
49.250000	0.2661214
49.283333	0.2734458
49.316667	0.2148503
49.345833	0.1684622
49.375000	0.1953185
49.404167	0.2649007
49.437500	0.2612384
49.470833	0.2148503
49.508333	0.1648000
49.545833	0.1794488
49.587500	0.2600177
49.620833	0.2661214
49.654167	0.2050844
49.687500	0.1586962
49.716667	0.1794488
49.750000	0.2514725
49.779167	0.2563555
49.808333	0.2075259
49.837500	0.1550340
49.866667	0.1721244
49.891667	0.2514725
49.916667	0.2514725
49.941667	0.2014222
49.966667	0.1538133
49.991667	0.1648000
50.016667	0.2392651
50.037500	0.2502518
50.062500	0.1977599
50.083333	0.1403851
50.108333	0.1684622
50.133333	0.2380444
50.158333	0.2392651
50.187500	0.1977599
50.204167	0.1403851
50.229167	0.1586962
50.254167	0.2368236
50.283333	0.2441481
50.308333	0.1953185
50.337500	0.1379437
50.366667	0.1586962
50.395833	0.2270577
50.425000	0.2429273
50.454167	0.2002014
50.479167	0.1379437
50.500000	0.1562548
50.525000	0.2356029
50.545833	0.2404859
50.566667	0.1989807
50.587500	0.1416059
50.604167	0.1562548
50.625000	0.2319407
50.641667	0.2441481
50.654167	0.2014222
50.670833	0.1355022
50.691667	0.1611377
50.704167	0.2307199
50.729167	0.2404859
50.741667	0.2050844
50.762500	0.1379437
50.783333	0.1562548
50.800000	0.2331614
50.816667	0.2453688
50.833333	0.2026429
50.850000	0.1416059
50.866667	0.1562548
50.887500	0.2270577
50.908333	0.2478103
50.925000	0.2087466
50.945833	0.1403851
50.966667	0.1586962
50.987500	0.2307199
51.008333	0.2441481
51.025000	0.2099673
51.045833	0.1416059
51.058333	0.1562548
51.070833	0.2319407
51.075000	0.2490310
51.075000	0.2124088
51.070833	0.1489303
51.070833	0.1660207
51.066667	0.2331614
51.066667	0.2539140
51.066667	0.2270577
51.062500	0.1525925
51.062500	0.1660207
51.062500	0.2392651
51.058333	0.2539140
51.058333	0.2185125
51.058333	0.1611377
51.058333	0.1721244
51.058333	0.2343822
51.058333	0.2563555
51.058333	0.2233955
51.058333	0.1562548
51.058333	0.1709037
51.054167	0.2343822
51.054167	0.2551347
51.054167	0.2307199
51.054167	0.1611377
51.054167	0.1696829
51.054167	0.2404859
51.054167	0.2612384
51.054167	0.2343822
51.054167	0.1672414
51.054167	0.1831111
51.054167	0.2404859
51.054167	0.2685629
51.054167	0.2441481
51.054167	0.1696829
51.054167	0.1806696
51.054167	0.2453688
51.054167	0.2649007
51.054167	0.2404859
51.050000	0.1818903
51.050000	0.1855525
51.050000	0.2392651
51.050000	0.2697836
51.050000	0.2441481
51.050000	0.1757866
51.050000	0.1892148
51.050000	0.2392651
51.050000	0.2649007
51.050000	0.2514725
51.050000	0.1806696
51.050000	0.1806696
51.050000	0.2734458
51.050000	0.3283792
51.050000	0.2673421
51.050000	0.1159703
51.050000	0.1477096
51.050000	0.2587970
51.050000	0.3308206
51.050000	0.2697836
51.050000	0.1062044
51.050000	0.1416059
51.050000	0.2649007
51.050000	0.3259377
51.050000	0.2685629
51.050000	0.1123081
51.050000	0.1379437
51.050000	0.2526933
51.050000	0.3320414
51.050000	0.2661214
51.050000	0.1074252
51.050000	0.1416059
51.050000	0.2490310
51.050000	0.2636799
51.050000	0.2502518
51.050000	0.1757866
51.050000	0.1806696
51.050000	0.2319407
51.045833	0.2612384
51.045833	0.2429273
51.045833	0.1867733
51.045833	0.1806696
51.045833	0.2197333
51.045833	0.2636799
51.045833	0.2478103
51.045833	0.1757866
51.045833	0.1855525
51.045833	0.2294992
51.045833	0.2587970
51.045833	0.2478103
51.045833	0.1831111
51.045833	0.1770074
51.045833	0.2197333
51.045833	0.2612384
51.045833	0.2453688
51.045833	0.1806696
51.045833	0.1843318
51.045833	0.2160710
51.045833	0.2551347
51.045833	0.2478103
51.045833	0.1806696
51.045833	0.1831111
51.045833	0.2185125
51.045833	0.2563555
51.045833	0.2429273
51.045833	0.1892148
51.045833	0.1818903
51.045833	0.2124088
51.045833	0.2587970
51.045833	0.2453688
51.045833	0.1794488
51.045833	0.1843318
51.045833	0.2160710
51.045833	0.2539140
51.045833	0.2502518
51.045833	0.1855525
51.045833	0.1770074
51.045833	0.2111881
51.045833	0.2587970
51.045833	0.2465896
51.045833	0.1879940
51.045833	0.1843318
51.045833	0.2075259
51.045833	0.2575762
51.045833	0.2502518
51.045833	0.1831111
51.045833	0.1843318
51.045833	0.2111881
51.045833	0.2539140
51.045833	0.2453688
