0.004167	0.1965392
0.004167	0.2502518
0.004167	0.2539140
0.004167	0.2270577
0.004167	0.1782281
0.004167	0.1879940
0.004167	0.2587970
0.004167	0.2587970
0.004167	0.2197333
0.004167	0.1745659
0.004167	0.1940977
0.004167	0.2563555
0.004167	0.2661214
0.004167	0.2307199
0.004167	0.1623585
0.004167	0.1904355
0.004167	0.2661214
0.004167	0.2697836
0.004167	0.2282785
0.004167	0.1635792
0.004167	0.1916562
0.004167	0.2673421
0.004167	0.2758873
0.004167	0.2246162
0.004167	0.1586962
0.004167	0.1940977
0.004167	0.2649007
0.004167	0.2758873
0.004167	0.2294992
0.004167	0.1525925
0.004167	0.1855525
0.004167	0.2685629
0.004167	0.2734458
0.004167	0.2246162
0.004167	0.1599170
0.004167	0.1855525
0.004167	0.2587970
0.004167	0.2685629
0.004167	0.2270577
0.004167	0.1538133
0.004167	0.1818903
0.004167	0.2539140
0.004167	0.2563555
0.004167	0.2246162
0.004167	0.1562548
0.004167	0.1770074
0.004167	0.2478103
0.004167	0.2636799
0.004167	0.2209540
0.004167	0.1562548
0.004167	0.1818903
0.004167	0.2453688
0.004167	0.2649007
0.004167	0.2282785
0.004167	0.1562548
0.004167	0.1757866
0.004167	0.2465896
0.004167	0.2587970
0.004167	0.2233955
0.004167	0.1586962
0.004167	0.1733451
0.004167	0.2441481
0.004167	0.2612384
0.004167	0.2294992
0.004167	0.1513718
0.004167	0.1757866
0.004167	0.2441481
0.004167	0.2575762
0.004167	0.2343822
0.004167	0.1562548
0.000000	0.1770074
0.000000	0.2453688
0.000000	0.2649007
0.000000	0.2258370
0.000000	0.1562548
0.000000	0.1770074
0.000000	0.2380444
0.000000	0.2685629
0.000000	0.2319407
0.000000	0.1513718
0.000000	0.1733451
0.000000	0.2404859
0.000000	0.2563555
0.000000	0.2294992
0.000000	0.1611377
0.000000	0.1721244
0.000000	0.2368236
0.000000	0.2661214
0.000000	0.2343822
0.004167	0.1586962
0.004167	0.1818903
0.004167	0.2417066
0.004167	0.2624592
0.008333	0.2441481
0.008333	0.1611377
0.008333	0.1770074
0.008333	0.2478103
0.008333	0.2685629
0.012500	0.2417066
0.012500	0.1660207
0.012500	0.1818903
0.012500	0.2404859
0.016667	0.2758873
0.016667	0.2465896
0.016667	0.1660207
0.016667	0.1879940
0.020833	0.2465896
0.020833	0.2722251
0.020833	0.2465896
0.020833	0.1721244
0.020833	0.1818903
0.020833	0.2417066
0.020833	0.2734458
0.020833	0.2453688
0.025000	0.1684622
0.025000	0.1892148
0.025000	0.2453688
0.025000	0.2734458
0.029167	0.2539140
0.029167	0.1733451
0.029167	0.1843318
0.033333	0.2441481
0.033333	0.2746666
0.037500	0.2526933
0.041667	0.1794488
0.050000	0.1867733
0.054167	0.2392651
0.062500	0.2807703
0.075000	0.2539140
0.087500	0.1782281
0.104167	0.1977599
0.125000	0.2453688
0.150000	0.2758873
0.179167	0.2563555
0.204167	0.1757866
0.237500	0.1843318
0.270833	0.2417066
0.312500	0.2758873
0.358333	0.2453688
0.400000	0.1733451
0.445833	0.1867733
0.495833	0.2380444
0.545833	0.2734458
0.595833	0.2551347
0.650000	0.1709037
0.704167	0.1818903
0.754167	0.2404859
0.808333	0.2722251
0.854167	0.2539140
0.900000	0.1757866
0.945833	0.1855525
0.983333	0.2343822
1.008333	0.2832118
1.029167	0.2563555
1.054167	0.1782281
1.079167	0.1989807
1.100000	0.2441481
1.129167	0.2832118
1.158333	0.2685629
1.187500	0.1892148
1.216667	0.1989807
1.250000	0.2526933
1.279167	0.2990814
1.312500	0.2746666
1.337500	0.2014222
1.362500	0.2099673
1.391667	0.2563555
1.416667	0.3039644
1.445833	0.2844325
1.475000	0.2099673
1.504167	0.2148503
1.529167	0.2673421
1.562500	0.3088473
1.600000	0.2893155
1.637500	0.2172918
1.679167	0.2197333
1.712500	0.2697836
1.745833	0.3210547
1.787500	0.2954192
1.829167	0.2185125
1.870833	0.2356029
1.916667	0.2734458
1.958333	0.3222755
1.995833	0.3076266
2.041667	0.2294992
2.087500	0.2331614
2.120833	0.2807703
2.162500	0.3295999
2.216667	0.3039644
2.275000	0.2282785
2.329167	0.2331614
2.383333	0.2649007
2.437500	0.3198340
2.483333	0.2954192
2.537500	0.2172918
2.595833	0.2172918
2.654167	0.2539140
2.716667	0.2954192
2.775000	0.2771081
2.820833	0.2026429
2.870833	0.1977599
2.925000	0.2441481
2.975000	0.2941984
3.033333	0.2710044
3.087500	0.1965392
3.141667	0.2038636
3.191667	0.2404859
3.241667	0.2978607
3.295833	0.2905362
3.350000	0.2136296
3.400000	0.2160710
3.454167	0.2600177
3.504167	0.3198340
3.545833	0.3064058
3.600000	0.2404859
3.658333	0.2404859
3.712500	0.2771081
3.770833	0.3454695
3.816667	0.3320414
3.870833	0.2612384
3.925000	0.2649007
3.970833	0.3027436
4.020833	0.3576769
4.066667	0.3515732
4.120833	0.2722251
4.175000	0.2673421
4.229167	0.3100681
4.283333	0.3576769
4.329167	0.3369243
4.387500	0.2624592
4.441667	0.2575762
4.500000	0.2795495
4.550000	0.3369243
4.600000	0.3210547
4.654167	0.2343822
4.708333	0.2246162
4.775000	0.2539140
4.841667	0.3027436
4.908333	0.2832118
4.970833	0.2099673
5.029167	0.1989807
5.091667	0.2233955
5.150000	0.2905362
5.212500	0.2734458
5.258333	0.2002014
5.308333	0.1977599
5.362500	0.2233955
5.416667	0.2868740
5.466667	0.2771081
5.516667	0.2124088
5.554167	0.2014222
5.595833	0.2441481
5.641667	0.3161718
5.691667	0.3039644
5.741667	0.2490310
5.787500	0.2465896
5.833333	0.2758873
5.891667	0.3613392
5.945833	0.3588977
6.000000	0.2929777
6.054167	0.2917570
6.104167	0.3247169
6.158333	0.3918577
6.212500	0.3906369
6.275000	0.3247169
6.333333	0.3149510
6.391667	0.3344829
6.445833	0.4028443
6.483333	0.3881954
6.520833	0.3149510
6.562500	0.3051851
6.612500	0.3222755
6.662500	0.3869747
6.716667	0.3698843
6.766667	0.2929777
6.804167	0.2649007
6.850000	0.2893155
6.891667	0.3503525
6.937500	0.3308206
6.975000	0.2636799
7.008333	0.2343822
7.045833	0.2502518
7.083333	0.3198340
7.133333	0.2978607
7.179167	0.2197333
7.229167	0.2050844
7.279167	0.2282785
7.329167	0.2880947
7.375000	0.2819910
7.429167	0.2172918
7.487500	0.2026429
7.541667	0.2343822
7.583333	0.3125095
7.625000	0.3112888
7.670833	0.2514725
7.712500	0.2465896
7.762500	0.2771081
7.812500	0.3674429
7.862500	0.3674429
7.904167	0.3088473
7.941667	0.3003021
7.983333	0.3454695
8.029167	0.4235969
8.083333	0.4309214
8.137500	0.3833125
8.187500	0.3698843
8.237500	0.4040651
8.287500	0.4992828
8.337500	0.4919584
8.375000	0.4345836
8.425000	0.4309214
8.475000	0.4638813
8.529167	0.5395672
8.591667	0.5371258
8.641667	0.4687643
8.691667	0.4431288
8.741667	0.4712058
8.800000	0.5346843
8.854167	0.5212561
8.895833	0.4541154
8.937500	0.4284799
8.975000	0.4467910
9.016667	0.5090487
9.062500	0.4907376
9.100000	0.4113895
9.141667	0.3808710
9.191667	0.4004028
9.245833	0.4614399
9.300000	0.4431288
9.350000	0.3796503
9.400000	0.3491317
9.445833	0.3711051
9.491667	0.4528947
9.537500	0.4394665
9.583333	0.3796503
9.625000	0.3637806
9.670833	0.3991821
9.720833	0.4895169
9.775000	0.5163732
9.833333	0.4821924
9.879167	0.4785302
9.929167	0.5346843
9.975000	0.6494339
10.025000	0.6872768
10.066667	0.6689657
10.112500	0.6677450
10.166667	0.7129124
10.229167	0.8117924
10.291667	0.8581805
10.350000	0.8471938
10.400000	0.8728294
10.458333	0.9375286
10.520833	1.0547197
10.579167	1.0950041
10.637500	1.0608234
10.687500	1.0254219
10.725000	1.0583819
10.770833	1.1560411
10.829167	1.1658071
10.883333	1.1426130
10.945833	1.1108737
11.004167	1.1291849
11.066667	1.1963256
11.120833	1.2182989
11.179167	1.1658071
11.245833	1.1035493
11.312500	1.1328471
11.370833	1.2097537
11.425000	1.2366100
11.466667	1.1841182
11.529167	1.1535997
11.591667	1.1780145
11.645833	1.2585833
11.700000	1.2878811
11.745833	1.2268441
11.783333	1.2012085
11.820833	1.2439344
11.862500	1.3257241
11.900000	1.3342692
11.929167	1.3037507
11.962500	1.2878811
12.000000	1.3171789
12.041667	1.3843196
12.079167	1.3843196
12.116667	1.3476974
12.154167	1.3086337
12.187500	1.3281655
12.225000	1.4123966
12.262500	1.4258248
12.304167	1.3721122
12.354167	1.3049715
12.395833	1.3159581
12.433333	1.3696707
12.470833	1.3538011
12.516667	1.2976470
12.566667	1.2219611
12.620833	1.1975463
12.679167	1.2158574
12.729167	1.1523789
12.766667	1.0596026
12.812500	0.9802545
12.854167	0.9485153
12.895833	0.9680471
12.945833	0.9216590
12.979167	0.8203375
13.016667	0.7226783
13.045833	0.7116916
13.070833	0.7483139
13.100000	0.7214576
13.133333	0.6518754
13.166667	0.5713065
13.179167	0.5493332
13.200000	0.5993835
13.220833	0.5859554
13.237500	0.5212561
13.258333	0.4504532
13.283333	0.4480117
13.304167	0.4895169
13.333333	0.4736473
13.362500	0.4126102
13.391667	0.3357036
13.425000	0.3405866
13.462500	0.3955199
13.495833	0.3918577
13.529167	0.3466903
13.562500	0.2966399
13.595833	0.3186132
13.625000	0.3906369
13.658333	0.4138310
13.691667	0.3796503
13.729167	0.3454695
13.766667	0.3942991
13.804167	0.4907376
13.837500	0.5249184
13.870833	0.5273598
13.908333	0.5127110
13.945833	0.5688650
13.983333	0.6811731
14.020833	0.7226783
14.058333	0.7300027
14.104167	0.7263405
14.133333	0.7873775
14.166667	0.8948027
14.204167	0.9546190
14.237500	0.9717093
14.275000	0.9570605
14.312500	1.0046693
14.354167	1.0974456
14.370833	1.1328471
14.408333	1.1206397
14.437500	1.0852382
14.466667	1.1169774
14.500000	1.1938841
14.533333	1.2402722
14.570833	1.2231819
14.616667	1.1792352
14.654167	1.1865596
14.695833	1.2231819
14.729167	1.2158574
14.766667	1.1719108
14.812500	1.0815760
14.858333	1.0620441
14.904167	1.1047700
14.950000	1.0889004
15.004167	1.0010071
15.050000	0.8838160
15.100000	0.8423109
15.141667	0.8642842
15.191667	0.8423109
15.233333	0.7812738
15.275000	0.6933805
15.312500	0.6921598
15.354167	0.7397687
15.387500	0.7446516
15.416667	0.7104709
15.445833	0.6396680
15.470833	0.6494339
15.487500	0.7165746
15.508333	0.7446516
15.529167	0.7165746
15.558333	0.6653035
15.591667	0.7055879
15.629167	0.7849361
15.675000	0.8362072
15.720833	0.8545183
15.770833	0.8349864
15.820833	0.8984649
15.862500	1.0242012
15.900000	1.0974456
15.933333	1.1401715
15.970833	1.1365093
16.008333	1.2073122
16.045833	1.3391522
16.091667	1.4258248
16.141667	1.4709922
16.200000	1.4624470
16.250000	1.5210425
16.304167	1.6101566
16.362500	1.6589862
16.429167	1.6614277
16.491667	1.5881832
16.562500	1.5698721
16.633333	1.5894040
16.695833	1.5478988
16.745833	1.4465773
16.812500	1.3000885
16.875000	1.2390515
16.937500	1.1816767
16.991667	1.0803552
17.041667	0.9375286
17.091667	0.7641835
17.137500	0.6860561
17.191667	0.6665242
17.233333	0.6311228
17.279167	0.5664235
17.320833	0.4882962
17.358333	0.4931791
17.395833	0.5627613
17.437500	0.6213569
17.475000	0.6347850
17.512500	0.6201361
17.550000	0.7092502
17.591667	0.8520768
17.633333	0.9741508
17.658333	1.0534989
17.695833	1.0730308
17.729167	1.1987671
17.762500	1.3745537
17.787500	1.5039521
17.825000	1.5649892
17.858333	1.5649892
17.891667	1.6479995
17.937500	1.7676321
17.983333	1.8994720
18.033333	1.9995727
18.070833	2.0435194
18.108333	2.1472823
18.145833	2.2705771
18.187500	2.3499252
18.225000	2.3743400
18.262500	2.3609119
18.295833	2.4195074
18.329167	2.5061800
18.366667	2.5342570
18.412500	2.4427015
18.450000	2.2559282
18.487500	2.1436201
18.520833	2.0947905
18.554167	2.0435194
18.587500	1.9519639
18.625000	1.7810602
18.658333	1.6919462
18.691667	1.6406751
18.729167	1.5478988
18.770833	1.3867611
18.812500	1.1731315
18.841667	1.0608234
18.879167	1.0107730
18.908333	0.9656056
18.945833	0.8679464
18.979167	0.7055879
19.020833	0.6250191
19.066667	0.5798517
19.112500	0.5371258
19.154167	0.4870754
19.191667	0.4089480
19.225000	0.4333628
19.258333	0.5273598
19.295833	0.6286813
19.337500	0.6860561
19.375000	0.7251198
19.416667	0.8716086
19.454167	1.0876797
19.483333	1.3220618
19.512500	1.4929655
19.545833	1.6150395
19.579167	1.8213446
19.620833	2.1106601
19.675000	2.4329356
19.733333	2.7906125
19.791667	3.2276376
19.854167	3.7684256
19.908333	4.2396313
19.954167	4.5216224
19.995833	4.5533616
20.012500	0.1098666
20.041667	0.1220740
20.075000	0.0976592
20.095833	0.1098666
20.125000	0.1831111
20.150000	0.1831111
20.179167	0.1953185
20.204167	0.2929777
20.245833	0.3906369
20.283333	0.4882962
20.329167	0.6836146
20.375000	0.9765923
20.416667	1.2329478
20.462500	1.5991699
20.512500	2.0508438
20.558333	2.5513474
20.600000	3.1250954
20.650000	3.7720878
20.695833	4.4679098
20.745833	5.2369762
20.800000	6.0792871
20.845833	7.1291238
20.887500	8.2033753
20.929167	9.0823084
20.975000	10.0466933
21.008333	11.0599078
21.054167	12.1097446
21.104167	13.3304849
21.154167	14.5023957
21.204167	15.7231361
21.254167	16.7973876
21.304167	18.0791650
21.354167	19.2999054
21.400000	20.4107791
21.441667	21.4606159
21.500000	22.1076083
21.554167	22.8644673
21.604167	23.1452376
21.650000	23.5358745
21.691667	23.8288522
21.737500	24.1584521
21.787500	24.2194891
21.845833	24.0241707
21.900000	23.9143040
21.950000	23.4382153
21.995833	23.2428968
22.041667	22.7301859
22.100000	21.9733268
22.150000	21.3629566
22.195833	20.4840236
22.241667	19.7271645
22.283333	18.9947203
22.325000	18.1646168
22.362500	17.4810022
22.404167	16.6997284
22.450000	15.8696249
22.495833	14.9418622
22.541667	13.8920255
22.583333	12.8910184
22.625000	11.9022187
22.658333	11.0354930
22.708333	10.1443525
22.754167	9.1921751
22.804167	8.2155828
22.858333	7.2389904
22.900000	6.3356426
22.950000	5.4811243
23.000000	4.6998505
23.050000	4.0040284
23.100000	3.2471694
23.133333	2.6612140
23.183333	2.0874660
23.229167	1.6602069
23.266667	1.3061922
23.300000	1.0254219
23.333333	0.8667257
23.362500	0.6836146
23.387500	0.5493332
23.404167	0.4638813
23.425000	0.3784295
23.441667	0.3173925
23.458333	0.2807703
23.475000	0.2319407
23.495833	0.1953185
23.512500	0.1586962
23.533333	0.1220740
23.550000	0.1220740
23.566667	0.0976592
23.587500	0.0976592
23.612500	0.1342814
23.637500	0.0976592
23.662500	0.1220740
23.687500	0.1953185
23.708333	0.1953185
23.729167	0.1953185
23.745833	0.2075259
23.766667	0.2929777
23.787500	0.3173925
23.808333	0.3295999
23.825000	0.3906369
23.850000	0.4272591
23.870833	0.4882962
23.891667	0.4882962
23.916667	0.5615406
23.941667	0.6103702
23.966667	0.6591998
23.991667	0.7690664
24.004167	0.7812738
24.025000	0.8056887
24.045833	0.8667257
24.062500	0.8789331
24.075000	0.9033479
24.091667	0.9765923
24.108333	1.0010071
24.129167	1.0498367
24.150000	1.0620441
24.166667	1.0742515
24.183333	1.1352886
24.204167	1.1474960
24.229167	1.1719108
24.254167	1.1719108
24.279167	1.2085330
24.304167	1.1719108
24.320833	1.1841182
24.345833	1.1963256
24.366667	1.1719108
24.395833	1.1719108
24.420833	1.1352886
24.445833	1.0986663
24.466667	1.0742515
24.487500	1.0010071
24.508333	0.9887997
24.533333	0.9765923
24.562500	0.9033479
24.583333	0.8667257
24.604167	0.8423109
24.625000	0.7812738
24.645833	0.7812738
24.666667	0.7080294
24.700000	0.6836146
24.729167	0.5859554
24.754167	0.5859554
24.775000	0.5371258
24.795833	0.5005036
24.816667	0.4882962
24.837500	0.4516739
24.858333	0.4150517
24.875000	0.3906369
24.891667	0.3906369
24.908333	0.3784295
24.920833	0.3173925
24.933333	0.3173925
24.950000	0.2929777
24.962500	0.2929777
24.975000	0.2319407
24.991667	0.2075259
25.008333	0.2075259
25.025000	0.1953185
25.045833	0.1831111
25.066667	0.1342814
25.087500	0.1953185
25.112500	0.1586962
25.137500	0.1220740
25.166667	0.0976592
25.200000	0.0976592
25.233333	0.0610370
25.270833	0.0732444
25.304167	0.0976592
25.333333	0.0976592
25.366667	0.0854518
25.400000	0.0732444
25.425000	0.0976592
25.466667	0.0976592
25.500000	0.1220740
25.533333	0.1953185
25.566667	0.1953185
25.595833	0.1953185
25.629167	0.2441481
25.662500	0.2929777
25.691667	0.2929777
25.725000	0.2929777
25.754167	0.3051851
25.783333	0.3295999
25.820833	0.3173925
25.854167	0.3906369
25.883333	0.3906369
25.916667	0.3906369
25.950000	0.3906369
25.983333	0.3906369
26.029167	0.4150517
26.070833	0.4638813
26.112500	0.4394665
26.145833	0.4760887
26.170833	0.4028443
26.200000	0.4150517
26.229167	0.3906369
26.258333	0.3906369
26.287500	0.3906369
26.312500	0.3662221
26.333333	0.3906369
26.354167	0.2929777
26.370833	0.3295999
26.391667	0.2929777
26.408333	0.2929777
26.416667	0.2929777
26.433333	0.2807703
26.445833	0.2929777
26.454167	0.2929777
26.470833	0.2685629
26.487500	0.2929777
26.504167	0.2197333
26.525000	0.2075259
26.545833	0.2075259
26.566667	0.2319407
26.587500	0.1953185
26.608333	0.1831111
26.637500	0.1953185
26.666667	0.1953185
26.704167	0.0976592
26.729167	0.0976592
26.758333	0.0732444
26.791667	0.0854518
26.820833	0.0732444
26.850000	0.0244148
26.875000	0.0732444
26.895833	0.0732444
26.912500	0.0366222
26.929167	0.0732444
26.945833	0.0244148
26.958333	0.0244148
26.970833	0.0244148
26.979167	0.0976592
26.991667	0.0732444
27.004167	0.0366222
27.016667	0.0244148
27.037500	0.0122074
27.054167	0.0000000
27.070833	0.0610370
27.091667	0.0854518
27.108333	0.0122074
27.129167	0.0488296
27.150000	0.0732444
27.170833	0.0488296
27.195833	0.0610370
27.216667	0.0854518
27.245833	0.0976592
27.275000	0.0976592
27.304167	0.0976592
27.333333	0.0976592
27.354167	0.1220740
27.387500	0.1342814
27.416667	0.1220740
27.445833	0.1953185
27.470833	0.1220740
27.491667	0.1586962
27.508333	0.1831111
27.533333	0.1953185
27.562500	0.1953185
27.583333	0.1953185
27.608333	0.1709037
27.629167	0.1953185
27.650000	0.1953185
27.670833	0.1953185
27.687500	0.1953185
27.708333	0.1953185
27.725000	0.1953185
27.745833	0.1953185
27.766667	0.1953185
27.791667	0.1953185
27.816667	0.1831111
27.841667	0.1953185
27.862500	0.1953185
27.883333	0.1953185
27.900000	0.1953185
27.916667	0.1831111
27.937500	0.1953185
27.958333	0.1953185
27.979167	0.2075259
28.004167	0.1953185
28.025000	0.1953185
28.041667	0.1953185
28.066667	0.1831111
28.083333	0.1953185
28.104167	0.1709037
28.125000	0.1586962
28.145833	0.1342814
28.162500	0.0976592
28.183333	0.0976592
28.204167	0.1220740
28.229167	0.1098666
28.254167	0.1220740
28.275000	0.1342814
28.300000	0.0976592
28.320833	0.0976592
28.341667	0.0976592
28.354167	0.0976592
28.375000	0.0976592
28.395833	0.0976592
28.416667	0.0976592
28.437500	0.0488296
28.458333	0.0488296
28.479167	0.0732444
28.504167	0.0976592
28.533333	0.0732444
28.558333	0.0488296
28.583333	0.0610370
28.608333	0.0122074
28.629167	0.0244148
28.650000	0.0122074
28.675000	0.0366222
28.708333	0.0244148
28.750000	0.0244148
28.791667	0.0732444
28.833333	0.0366222
28.870833	0.0488296
28.904167	0.0732444
28.941667	0.0976592
28.987500	0.0976592
29.029167	0.0732444
29.066667	0.0976592
29.108333	0.0976592
29.141667	0.0976592
29.166667	0.0976592
29.204167	0.0976592
29.237500	0.0976592
29.279167	0.1342814
29.316667	0.0976592
29.350000	0.1342814
29.379167	0.1464888
29.412500	0.1464888
29.458333	0.1953185
29.500000	0.1709037
29.554167	0.1220740
29.595833	0.1342814
29.625000	0.1098666
29.670833	0.1586962
29.712500	0.1342814
29.762500	0.0976592
29.808333	0.0976592
29.854167	0.0976592
29.895833	0.0976592
29.933333	0.1098666
29.970833	0.0854518
30.016667	0.8301035
30.075000	1.0644856
30.120833	1.3220618
30.175000	1.4893033
30.229167	1.6211432
30.275000	1.7505417
30.316667	1.9299905
30.362500	2.1326334
30.412500	2.2302927
30.470833	2.2254097
30.529167	2.1399579
30.600000	2.1680349
30.658333	2.2852260
30.720833	2.2461623
30.787500	2.0398572
30.845833	1.7395550
30.908333	1.5686514
30.975000	1.4490188
31.029167	1.2744530
31.087500	1.0644856
31.141667	0.8130131
31.191667	0.6799524
31.245833	0.6384472
31.295833	0.5822932
31.341667	0.4895169
31.387500	0.3906369
31.425000	0.3784295
31.462500	0.4382458
31.508333	0.4748680
31.550000	0.4821924
31.595833	0.4626606
31.641667	0.5285806
31.687500	0.6591998
31.729167	0.7617420
31.775000	0.8398694
31.820833	0.8850368
31.862500	1.0156560
31.912500	1.1938841
31.954167	1.2976470
32.000000	1.3428144
32.041667	1.3428144
32.087500	1.4429151
32.137500	1.5686514
32.191667	1.6357921
32.258333	1.6248054
32.320833	1.5625477
32.362500	1.5759758
32.412500	1.5833003
32.458333	1.5186010
32.508333	1.3818781
32.558333	1.2109745
32.612500	1.1206397
32.679167	1.0534989
32.750000	0.9302042
32.816667	0.7605213
32.883333	0.5590991
32.950000	0.4406873
33.012500	0.4016236
33.070833	0.3772088
33.120833	0.3332621
33.179167	0.2478103
33.237500	0.2636799
33.287500	0.3503525
33.341667	0.4126102
33.395833	0.4504532
33.450000	0.4553362
33.495833	0.5420087
33.545833	0.6579791
33.591667	0.7605213
33.637500	0.8093509
33.683333	0.8008057
33.729167	0.8752709
33.775000	0.9900204
33.825000	1.0840175
33.875000	1.0962249
33.920833	1.0290841
33.966667	1.0339671
34.012500	1.0889004
34.070833	1.1181982
34.129167	1.0852382
34.187500	0.9778130
34.241667	0.9204382
34.291667	0.8996857
34.345833	0.8667257
34.400000	0.7727287
34.458333	0.6091494
34.516667	0.5432295
34.575000	0.5310221
34.625000	0.5053865
34.683333	0.4297006
34.737500	0.3186132
34.800000	0.2832118
34.858333	0.3112888
34.904167	0.3479110
34.950000	0.3405866
35.000000	0.2758873
35.050000	0.3125095
35.095833	0.3772088
35.141667	0.4565569
35.195833	0.4785302
35.254167	0.4455702
35.325000	0.5041658
35.387500	0.6115909
35.458333	0.7031465
35.516667	0.7238990
35.575000	0.6628620
35.637500	0.6591998
35.700000	0.7116916
35.758333	0.7470931
35.820833	0.7055879
35.879167	0.6006043
35.933333	0.5554369
35.983333	0.5676443
36.033333	0.5847346
36.079167	0.5310221
36.125000	0.4199347
36.170833	0.3808710
36.212500	0.3857540
36.262500	0.4077273
36.304167	0.3711051
36.341667	0.2758873
36.379167	0.2587970
36.416667	0.2746666
36.458333	0.3222755
36.491667	0.3076266
36.533333	0.2331614
36.566667	0.2319407
36.608333	0.2673421
36.645833	0.3332621
36.687500	0.3344829
36.729167	0.2807703
36.779167	0.2807703
36.829167	0.3320414
36.870833	0.4174932
36.912500	0.4199347
36.950000	0.3711051
36.987500	0.3894162
37.025000	0.4321421
37.058333	0.4956206
37.095833	0.4956206
37.129167	0.4431288
37.162500	0.4394665
37.204167	0.4748680
37.241667	0.5481124
37.279167	0.5444502
37.316667	0.4870754
37.358333	0.4699850
37.400000	0.4846339
37.441667	0.5481124
37.479167	0.5310221
37.512500	0.4492325
37.541667	0.4199347
37.575000	0.4382458
37.600000	0.4907376
37.625000	0.4736473
37.654167	0.3930784
37.679167	0.3527940
37.708333	0.3650014
37.737500	0.4284799
37.770833	0.4004028
37.808333	0.3125095
37.845833	0.2795495
37.875000	0.2917570
37.916667	0.3454695
37.962500	0.3247169
38.004167	0.2490310
38.045833	0.2185125
38.091667	0.2368236
38.137500	0.3027436
38.187500	0.2941984
38.233333	0.2380444
38.275000	0.2221747
38.320833	0.2539140
38.362500	0.3332621
38.408333	0.3418073
38.454167	0.2941984
38.491667	0.2880947
38.537500	0.3259377
38.587500	0.4187140
38.637500	0.4309214
38.687500	0.3869747
38.729167	0.3808710
38.775000	0.4113895
38.820833	0.4980621
38.866667	0.5090487
38.908333	0.4504532
38.954167	0.4284799
39.000000	0.4431288
39.050000	0.5114902
39.095833	0.5078280
39.137500	0.4480117
39.183333	0.3930784
39.220833	0.4040651
39.262500	0.4638813
39.304167	0.4394665
39.341667	0.3711051
39.379167	0.3320414
39.420833	0.3308206
39.466667	0.3845332
39.516667	0.3613392
39.566667	0.2832118
39.600000	0.2356029
39.645833	0.2441481
39.691667	0.3039644
39.737500	0.2966399
39.783333	0.2392651
39.837500	0.1965392
39.895833	0.2172918
39.950000	0.2917570
39.991667	0.2966399
40.041667	0.2539140
40.087500	0.2270577
40.133333	0.2453688
40.179167	0.3222755
40.220833	0.3357036
40.258333	0.3003021
40.295833	0.2673421
40.341667	0.3003021
40.383333	0.3869747
40.420833	0.3906369
40.462500	0.3552355
40.508333	0.3137303
40.562500	0.3234962
40.612500	0.4004028
40.645833	0.3979614
40.691667	0.3515732
40.725000	0.3027436
40.770833	0.3125095
40.816667	0.3674429
40.862500	0.3735466
40.912500	0.3161718
40.962500	0.2514725
41.008333	0.2563555
41.045833	0.3137303
41.087500	0.3112888
41.125000	0.2587970
41.158333	0.1965392
41.191667	0.2014222
41.216667	0.2636799
41.241667	0.2722251
41.266667	0.2233955
41.295833	0.1709037
41.320833	0.1782281
41.345833	0.2392651
41.370833	0.2453688
41.395833	0.2148503
41.429167	0.1562548
41.462500	0.1672414
41.495833	0.2356029
41.533333	0.2514725
41.570833	0.2233955
41.608333	0.1684622
41.645833	0.1843318
41.683333	0.2539140
41.720833	0.2819910
41.758333	0.2575762
41.791667	0.1977599
41.833333	0.2209540
41.875000	0.2905362
41.912500	0.3186132
41.945833	0.2966399
41.970833	0.2380444
41.991667	0.2478103
42.016667	0.3222755
42.041667	0.3540147
42.066667	0.3247169
42.091667	0.2685629
42.112500	0.2880947
42.137500	0.3540147
42.162500	0.3808710
42.191667	0.3625599
42.220833	0.2917570
42.250000	0.3088473
42.287500	0.3711051
42.320833	0.3991821
42.358333	0.3723258
42.383333	0.2978607
42.416667	0.3064058
42.441667	0.3650014
42.458333	0.3906369
42.487500	0.3613392
42.512500	0.2832118
42.541667	0.2954192
42.575000	0.3369243
42.604167	0.3588977
42.633333	0.3320414
42.662500	0.2539140
42.695833	0.2490310
42.725000	0.3076266
42.758333	0.3295999
42.791667	0.2978607
42.816667	0.2148503
42.850000	0.2172918
42.883333	0.2649007
42.920833	0.2893155
42.954167	0.2649007
42.987500	0.1818903
43.016667	0.1843318
43.050000	0.2356029
43.083333	0.2636799
43.112500	0.2392651
43.145833	0.1660207
43.179167	0.1660207
43.208333	0.2221747
43.229167	0.2563555
43.250000	0.2368236
43.275000	0.1623585
43.300000	0.1745659
43.320833	0.2209540
43.345833	0.2600177
43.370833	0.2502518
43.400000	0.1721244
43.429167	0.1806696
43.462500	0.2429273
43.500000	0.2893155
43.533333	0.2734458
43.562500	0.2026429
43.587500	0.2087466
43.616667	0.2575762
43.641667	0.3112888
43.662500	0.2929777
43.679167	0.2233955
43.700000	0.2294992
43.716667	0.2795495
43.745833	0.3308206
43.775000	0.3186132
43.795833	0.2502518
43.820833	0.2526933
43.841667	0.3027436
43.866667	0.3564562
43.895833	0.3405866
43.925000	0.2649007
43.950000	0.2673421
43.975000	0.3076266
44.004167	0.3613392
44.037500	0.3515732
44.066667	0.2685629
44.100000	0.2649007
44.129167	0.3015229
44.162500	0.3515732
44.191667	0.3344829
44.225000	0.2587970
44.254167	0.2526933
44.287500	0.2758873
44.316667	0.3320414
44.345833	0.3125095
44.375000	0.2356029
44.404167	0.2209540
44.437500	0.2490310
44.470833	0.2966399
44.504167	0.2807703
44.537500	0.2014222
44.562500	0.1855525
44.587500	0.2160710
44.616667	0.2710044
44.645833	0.2526933
44.670833	0.1782281
44.695833	0.1660207
44.720833	0.1892148
44.745833	0.2502518
44.775000	0.2417066
44.804167	0.1635792
44.829167	0.1525925
44.858333	0.1794488
44.887500	0.2404859
44.920833	0.2343822
44.954167	0.1696829
44.987500	0.1562548
45.020833	0.1794488
45.058333	0.2539140
45.091667	0.2441481
45.129167	0.1818903
45.166667	0.1757866
45.200000	0.2002014
45.237500	0.2746666
45.279167	0.2734458
45.316667	0.2148503
45.350000	0.2026429
45.387500	0.2294992
45.420833	0.3076266
45.454167	0.3003021
45.491667	0.2453688
45.525000	0.2246162
45.562500	0.2490310
45.591667	0.3259377
45.620833	0.3222755
45.654167	0.2551347
45.683333	0.2368236
45.716667	0.2575762
45.754167	0.3271584
45.791667	0.3222755
45.825000	0.2563555
45.858333	0.2307199
45.895833	0.2404859
45.933333	0.3125095
45.962500	0.3027436
45.995833	0.2343822
46.025000	0.2050844
46.054167	0.2172918
46.079167	0.2893155
46.104167	0.2807703
46.133333	0.2136296
46.158333	0.1806696
46.183333	0.1953185
46.208333	0.2636799
46.233333	0.2539140
46.258333	0.2014222
46.283333	0.1586962
46.304167	0.1733451
46.325000	0.2478103
46.345833	0.2380444
46.370833	0.1818903
46.395833	0.1489303
46.420833	0.1672414
46.445833	0.2307199
46.470833	0.2282785
46.495833	0.1782281
46.516667	0.1367229
46.537500	0.1538133
46.558333	0.2282785
46.583333	0.2307199
46.604167	0.1757866
46.629167	0.1379437
46.654167	0.1525925
46.679167	0.2282785
46.704167	0.2331614
46.725000	0.1806696
46.745833	0.1379437
46.762500	0.1635792
46.783333	0.2307199
46.804167	0.2343822
46.820833	0.1965392
46.837500	0.1464888
46.854167	0.1648000
46.875000	0.2429273
46.900000	0.2465896
46.925000	0.2014222
46.950000	0.1660207
46.983333	0.1855525
47.016667	0.2551347
47.050000	0.2661214
47.083333	0.2282785
47.120833	0.1806696
47.158333	0.2050844
47.195833	0.2783288
47.237500	0.2905362
47.275000	0.2539140
47.316667	0.2038636
47.350000	0.2185125
47.391667	0.2844325
47.429167	0.2966399
47.470833	0.2587970
47.504167	0.2050844
47.541667	0.2148503
47.575000	0.2758873
47.608333	0.2832118
47.637500	0.2526933
47.666667	0.1916562
47.695833	0.1965392
47.725000	0.2673421
47.750000	0.2722251
47.779167	0.2343822
47.795833	0.1757866
47.816667	0.1855525
47.833333	0.2441481
47.845833	0.2600177
47.862500	0.2233955
47.875000	0.1599170
47.887500	0.1757866
47.895833	0.2368236
47.908333	0.2551347
47.925000	0.2233955
47.941667	0.1574755
47.962500	0.1635792
47.983333	0.2282785
48.004167	0.2465896
48.029167	0.2099673
48.054167	0.1477096
48.083333	0.1550340
48.112500	0.2111881
48.145833	0.2307199
48.175000	0.2050844
48.212500	0.1293985
48.241667	0.1391644
48.266667	0.2063051
48.295833	0.2233955
48.325000	0.1965392
48.358333	0.1306192
48.391667	0.1367229
48.425000	0.2038636
48.454167	0.2294992
48.483333	0.2075259
48.512500	0.1367229
48.541667	0.1513718
48.570833	0.2124088
48.595833	0.2392651
48.620833	0.2233955
48.650000	0.1538133
48.683333	0.1648000
48.716667	0.2282785
48.745833	0.2563555
48.779167	0.2356029
48.812500	0.1745659
48.845833	0.1855525
48.879167	0.2380444
48.908333	0.2734458
48.941667	0.2612384
48.975000	0.1879940
49.012500	0.2014222
49.050000	0.2636799
49.087500	0.2905362
49.129167	0.2710044
49.179167	0.2002014
49.233333	0.2038636
49.283333	0.2575762
49.333333	0.2929777
49.383333	0.2685629
49.425000	0.1916562
49.466667	0.1953185
49.495833	0.2429273
49.520833	0.2734458
49.537500	0.2551347
49.554167	0.1757866
49.566667	0.1806696
49.579167	0.2343822
49.591667	0.2636799
49.604167	0.2441481
49.616667	0.1721244
49.620833	0.1733451
49.629167	0.2172918
49.633333	0.2661214
49.633333	0.2429273
49.633333	0.1586962
49.633333	0.1660207
49.629167	0.2087466
49.629167	0.2392651
49.625000	0.2294992
49.625000	0.1574755
49.625000	0.1550340
49.625000	0.2026429
49.625000	0.2441481
49.620833	0.2270577
49.620833	0.1562548
49.620833	0.1599170
49.620833	0.2002014
49.620833	0.2441481
49.620833	0.2294992
49.620833	0.1562548
49.620833	0.1660207
49.620833	0.2099673
49.620833	0.2490310
49.620833	0.2307199
49.620833	0.0988800
49.616667	0.1049837
49.616667	0.2124088
49.616667	0.3332621
49.616667	0.2697836
49.616667	0.0891140
49.616667	0.1110874
49.616667	0.2136296
49.616667	0.3320414
49.616667	0.2734458
49.616667	0.0964385
49.616667	0.1049837
49.616667	0.2099673
49.616667	0.3332621
49.616667	0.2734458
49.616667	0.0952177
49.616667	0.1049837
49.616667	0.2075259
49.616667	0.3344829
49.616667	0.2771081
49.616667	0.0976592
49.616667	0.1013215
49.616667	0.2002014
49.616667	0.3344829
49.612500	0.2783288
49.612500	0.1037629
49.612500	0.1013215
49.612500	0.1953185
49.612500	0.3405866
49.612500	0.2783288
49.612500	0.1025422
49.612500	0.1013215
49.612500	0.1904355
49.612500	0.3344829
49.612500	0.2807703
49.612500	0.1098666
49.612500	0.0976592
49.612500	0.1940977
49.612500	0.3357036
49.612500	0.2795495
49.612500	0.1110874
49.612500	0.1001007
49.612500	0.1879940
49.612500	0.3357036
49.612500	0.2832118
49.612500	0.1098666
49.612500	0.1013215
49.612500	0.1855525
49.612500	0.3332621
49.612500	0.2905362
49.612500	0.1159703
49.612500	0.0976592
49.612500	0.1794488
49.612500	0.3381451
49.612500	0.2844325
49.612500	0.1184118
49.612500	0.1013215
49.612500	0.1770074
49.612500	0.3369243
49.612500	0.2917570
49.612500	0.1196326
49.612500	0.0964385
49.612500	0.1757866
49.612500	0.3332621
49.612500	0.2868740
49.608333	0.1269570
49.608333	0.0964385
49.608333	0.1757866
49.608333	0.3357036
49.608333	0.2868740
49.608333	0.1232948
49.608333	0.0939970
49.608333	0.1733451
49.608333	0.3320414
49.608333	0.2929777
49.608333	0.1269570
49.608333	0.0903348
49.608333	0.1696829
49.608333	0.3332621
49.608333	0.2880947
49.608333	0.1306192
49.608333	0.0952177
49.608333	0.1660207
49.608333	0.3332621
49.608333	0.2941984
49.608333	0.1318400
49.608333	0.0891140
49.608333	0.1660207
49.608333	0.3357036
49.608333	0.2880947
49.608333	0.1391644
49.608333	0.0891140
49.608333	0.1611377
49.608333	0.3357036
49.608333	0.2941984
49.608333	0.1379437
49.608333	0.0915555
49.608333	0.1611377
49.608333	0.3283792
49.608333	0.2954192
49.608333	0.1403851
49.608333	0.0842311
49.608333	0.1660207
49.608333	0.3320414
49.608333	0.2929777
49.608333	0.1477096
